1,2.7727498922,4.0650612717
1,3.5496000558,9.9375631201
2,0.6278489826,1.4829883063
2,1.5957357197,10.9237477087
3,3.4781978479,1.9809419034
3,3.6677043573,3.9582309668
4,4.6503894458,0.5172711685
4,4.8364517089,1.3208755184
5,1.5527742483,0.6783165877
5,1.5820360377,0.8192390372
6,1.6943209388,0.8264671495
6,2.2587573330,4.6430916283
7,1.3464472576,0.8881602799
7,3.0871463951,10.4027797589
8,0.3107630547,2.4593683344
8,1.2197031499,10.9266237783
9,4.9613864452,1.7162159978
9,5.5048229679,7.3724113984
10,0.2688804908,3.0742921611
10,1.5973480533,9.0375794575
11,0.3904418259,1.6298141960
11,0.8639099769,5.5739692405
12,4.7513528705,4.5208899515
12,4.7935284588,4.7035875745
13,2.8066345460,3.1224450360
13,3.4694441488,6.9626230358
14,0.0031211115,3.0346127545
14,0.8882129278,9.9957841600
15,3.8123759104,2.6112224749
15,5.5429859367,10.1802675274
16,0.8480301901,4.2202752456
16,1.2138558936,7.9303745529
17,1.7939181612,1.0932990748
17,2.4819907788,3.4144081282
18,4.5263689752,0.0163376272
18,5.3351068448,4.3494361227
19,1.3640250482,3.0178895355
19,1.5074005875,3.9696570634
20,2.5033513944,1.2828535316
20,3.0988371401,2.2987445166
21,3.9369900423,1.1748087029
21,8.3571810759,6.7123797350
22,4.0819487396,1.7998173267
22,7.0999382220,6.7102012726
23,3.6513358589,1.4170226753
23,4.3643162971,2.4758729895
24,3.8550643286,4.9282847717
24,4.8239416633,6.2625528066
25,1.6629492949,2.4606086598
25,5.2632446395,8.7182039483
26,2.9386812793,3.4538877552
26,3.0974927431,3.6821079481
27,4.0278269804,0.7719765909
27,5.1057446944,3.2045564855
28,0.8116153647,2.2164968296
28,3.1971632329,11.5315572243
29,2.9787150949,0.8027185581
29,3.1550515832,0.9738310465
30,4.7360269426,2.0071217457
30,6.8562221267,9.6769667789
31,2.1793022330,2.9835933253
31,6.0659141200,9.7948758447
32,1.3060407938,4.2238858218
32,2.0634337535,4.8329172385
33,4.6705787568,4.5447533069
33,6.2051353370,11.5217029146
34,0.8918957162,0.7207746516
34,1.1677532942,1.0949308511
35,4.9622909341,2.8014628315
35,5.4016636745,3.2416568578
36,3.6095794770,1.9413666015
36,9.9057521848,6.6998742505
37,2.6474101794,1.5128838184
37,7.0101983806,7.9247371556
38,1.4023725566,3.7464253199
38,6.7200535249,12.0659780984
39,0.6273043575,4.8770516905
39,3.0150545557,14.0219527325
40,0.6629607937,1.7825042471
40,5.1414965003,7.5837799749
41,3.7327315314,2.5291708523
41,8.0875070350,11.0611097023
42,1.7077520561,3.9773046971
42,2.3041512075,5.1300052728
43,1.8557497679,3.4394104525
43,5.9928248724,8.6876631882
44,2.0461487815,1.3122334144
44,4.1390241106,4.4850618379
45,4.1681694708,3.1319361446
45,6.7724201194,7.8514434646
46,3.0938671901,1.4312513119
46,6.7182136530,10.0751341679
47,0.8543621110,0.6540833730
47,6.1113171854,7.8845048052
48,0.4504261425,3.7991381355
48,1.4443784419,5.8146991372
49,1.2239039633,3.2058133742
49,1.6240540060,3.9854578175
50,0.4495649157,2.5805052942
50,1.8016775446,4.2579020655
51,0.8853684823,3.4848486574
51,5.9331026449,8.0535402852
52,0.9162402058,2.2127642583
52,3.1667435456,5.9086929292
53,1.4805622971,0.8801418754
53,4.3742089661,4.7758599354
54,3.1416370779,4.7687885695
54,6.7669380273,10.9937181305
55,3.8186171014,0.1073081361
55,5.6443229173,2.7028728232
56,2.5638120146,2.8639856779
56,6.1065808009,10.4412243237
57,3.4236360556,4.9768136012
57,7.0177767344,12.3416869068
58,1.5413293185,0.8388753149
58,3.1071135503,3.4342977871
59,1.4610814846,2.5263328498
59,7.6044953341,7.8672623387
60,1.9181026354,2.0468551289
60,2.0381420491,2.2795197074
61,1.5354055828,4.6909677497
61,5.7607757911,11.9202388457
62,2.0620015917,2.4578647684
62,5.7598894214,5.6617296673
63,2.2534973377,3.5134866563
63,2.6830753194,4.4460695231
64,1.1562803307,1.8184089069
64,4.9444665266,6.1956963686
65,4.5914000947,1.7486608434
65,5.2758456642,3.1042691865
66,4.1042919744,4.6823274663
66,9.3001562917,12.2692244020
67,4.7580858501,3.6224298815
67,9.1512759708,9.4145102639
68,4.1473491267,4.1447090329
68,5.1132225575,5.2364700517
69,1.1786911448,2.4419933478
69,2.3158622646,4.1808163553
70,3.0135795747,2.8383214805
70,5.3481121243,7.1699426197
71,2.7029424330,3.6461005633
71,4.2845249006,6.1001389678
72,3.8970743549,3.3353835158
72,8.7263634200,7.8722510609
73,4.3852182773,1.2459654526
73,5.2099933064,1.8422995769
74,1.8390220338,1.5005303110
74,6.6058332448,7.5462116150
75,4.0838640403,2.4009644155
75,6.2099765303,4.4400761492
76,3.5510317008,4.7883120930
76,4.2758632265,6.2292263718
77,3.4829609229,3.2320704018
77,5.0571089946,5.2562964675
78,1.1837076026,3.4029680927
78,8.2221142129,10.0864772663
79,0.6780928983,4.7121902093
79,1.8737824836,6.3663525653
80,1.4758742683,4.9900144922
80,6.1604850032,12.7365147818
81,0.6336018930,2.0889746499
81,1.2575342727,3.5767225888
82,1.9248255906,3.8288031468
82,5.6630827113,6.6989649858
83,4.8229892440,2.2358037941
83,10.4794500938,9.7099573388
84,1.1330117268,3.3702285914
84,2.0555633765,4.3660584439
85,1.4123448189,0.4725433827
85,7.5758231669,5.3379067796
86,3.6285661078,3.4274919478
86,7.2812337743,8.9746978048
87,0.7260128340,1.4229015960
87,4.0245157995,7.9482878882
88,4.2270800695,1.1719629123
88,5.2160323436,2.6251040828
89,3.8255190235,1.2962147330
89,4.9824497135,4.7947319282
90,4.0531616131,4.8470461629
90,7.0767700541,11.2513566470
91,4.4979544267,3.9289076977
91,6.9582534164,7.2486310604
92,4.4304344165,3.5304565065
92,5.7758718853,5.5858401194
93,0.0780870656,4.9116183730
93,7.0267178430,10.3475442689
94,2.7791453182,3.4559691549
94,7.4919293057,8.5608440473
95,3.8930506815,1.0219425801
95,7.9547617260,6.4765369168
96,0.3963860493,2.5687348419
96,0.5928530237,2.8082350166
97,1.2106255591,2.3586438714
97,5.2074223772,7.4427757589
98,2.2771246538,2.3464191926
98,2.6205308689,2.7921473872
99,2.3259707956,4.7408981422
99,6.5191668327,10.8127934798
100,4.4457765127,2.9675144034
100,8.7635738718,11.8152764742
101,1.3471570308,0.8018654546
101,6.1180956530,5.9600584693
102,0.6242772583,4.8307818084
102,5.1524329935,10.7459510647
103,1.1820061167,3.0239368580
103,3.5130437018,8.3286279236
104,1.2848876807,3.8756504636
104,5.7090807142,12.2705164224
105,0.3976897461,2.9219530852
105,0.9017540166,3.7260377465
106,3.3505394260,3.4678817562
106,7.3402112235,11.7031016848
107,2.6242376866,4.1414806965
107,5.5797968579,8.0489690502
108,3.4194586459,1.0952209665
108,5.3725410756,3.7941816521
109,2.4573863495,1.2502321770
109,6.0348693230,9.0525580815
110,1.4121421598,2.9680637240
110,1.6231378493,3.1245664018
111,2.6206055242,0.8429242255
111,3.1758084915,2.9177173967
112,4.6240900399,3.3127079633
112,7.0724245835,7.4960522323
113,3.7648411147,3.6570936936
113,9.9336054765,10.1934306580
114,2.4842530823,0.7097414138
114,8.1643942474,5.1875650273
115,4.4617536919,2.1039134923
115,8.0675516583,10.0173259416
116,4.5832049163,1.0658123207
116,6.5501811304,4.6286378720
117,2.2752459688,1.4083490263
117,3.0313378482,1.9807060559
118,1.6315446608,3.4262818274
118,1.8147791315,3.6566698072
119,1.6839492225,3.8136670771
119,3.8957478545,8.4542228879
120,1.8994508020,4.6551671385
120,11.8592704270,4.7414817766
121,3.5520058733,3.3624894921
121,8.0799283264,4.1002163198
122,2.8252395116,4.7222503713
122,11.5925812796,5.0416014920
123,1.2883343884,4.8961089429
123,-5.6311264164,5.0085598877
124,2.2820093924,4.0403655330
124,8.6244865083,4.4560168771
125,0.9874668775,1.0040461329
125,-8.9334504182,1.1356308061
126,0.5911959944,1.9437387506
126,3.7402856030,1.9748460455
127,0.8266703521,1.2593946289
127,9.8541795227,1.7907618499
128,0.3366981975,3.2368291941
128,-4.0102384333,3.3268354183
129,1.9354652676,2.6945879776
129,1.9940402380,2.7013671847
130,0.0256832884,2.4594564211
130,-8.8869705571,2.5234197924
131,1.4647832233,1.6061721040
131,10.5527012117,2.6595865855
132,4.5179211151,0.4637251071
132,9.3966862371,0.6375228028
133,1.7556295286,4.1568144302
133,-5.5953242627,4.2872260757
134,1.9805449893,4.9685516630
134,7.0922737728,5.2363980839
135,3.0786120721,0.2975048291
135,4.6335634532,0.4993193360
136,0.4256436087,3.4357162185
136,2.2991983984,3.9997581706
137,3.7557669420,3.3666947406
137,-3.2419021099,3.5412823552
138,1.1571915786,2.4566085095
138,2.1636650144,2.5791800782
139,0.7427425786,2.1158308484
139,1.5140670247,2.1596367495
140,4.2532938966,4.3307647031
140,-2.6262171481,4.4681158397
141,3.5163000680,4.0469553513
141,13.3675046420,4.8708516027
142,1.3119205847,4.2395321384
142,4.3584489033,4.3061802299
143,3.5227193407,1.3035497456
143,12.2553323615,1.6201844743
