1,3.5118214236,2.9601364812
1,3.4343946828,9.1819067038
2,1.9085248028,1.9321458650
2,1.5957207613,11.5925833292
3,2.2688546129,3.9143879991
3,2.4883403948,9.0581113920
4,4.5365310801,3.5750273217
4,4.4697877727,12.9858876715
5,3.3947798620,4.9987165863
5,3.2930041701,7.3059896675
6,0.5864892204,0.1014940003
6,0.7357425844,5.6906807651
7,1.8496424444,3.2958211638
7,1.8054753130,4.1346811672
8,4.2382536794,2.6645676449
8,4.7320308363,10.8948988931
9,1.3740798804,4.7861073466
9,1.2454967692,6.5357538194
10,2.1893728644,3.4767030427
10,1.7144459486,9.0919096235
11,1.5901620238,2.3375622679
11,1.2232797055,10.4642670880
12,3.2000401191,2.1037812681
12,3.5316009683,8.5911184772
13,3.8977200713,2.3910332505
13,3.7597242954,6.0545891131
14,1.6002920789,3.8806174413
14,1.0359343392,13.7081119622
15,3.0339991131,2.3641500879
15,3.2842778269,5.1551006590
16,0.7055791373,1.5953386185
16,0.6618383003,3.8699972846
17,0.0285600801,1.9360417849
17,0.1125377210,3.2926221746
18,2.1034822703,3.5316333293
18,2.7984735742,12.5217413297
19,4.4715824235,4.4871141083
19,4.8445251291,8.7797605387
20,0.7796880895,3.7755227637
20,0.7068195821,9.3860538197
21,4.8044392330,0.5869668746
21,4.7349748610,5.3609344039
22,4.8394032508,0.4769535179
22,3.5292205433,8.7138300704
23,4.2740466371,1.3624020716
23,4.2358770929,1.9397304243
24,4.4585688836,0.2497049898
24,4.7235291787,3.4433437325
25,4.3742493212,4.8464759851
25,4.1028588780,12.1092498614
26,3.9494400360,2.3040020462
26,4.0936633925,12.0053012486
27,2.7958467456,3.6168190251
27,2.4494381309,9.8721880651
28,3.0442288531,2.8075664733
28,2.9383071007,5.6933770374
29,3.7946864814,3.7772346685
29,3.3176031713,7.5210602407
30,4.7863505635,4.8404451454
30,4.0965099620,7.0380718029
31,0.3463125066,1.9558639807
31,1.1063710076,11.7650300714
32,1.0868602758,3.2589822902
32,1.0909965682,3.3316560047
33,3.7378231835,0.2594220029
33,3.0223900538,7.1568600723
34,3.3549992316,4.4650418067
34,2.8800950405,8.2274942713
35,2.8346822320,4.4415683737
35,1.1847607090,11.3872342046
36,0.7408697917,4.9605836423
36,0.6291273606,6.2326389233
37,4.8476000503,1.9190899135
37,4.8007836962,2.6932893914
38,1.5170973652,3.5408413332
38,1.3669948391,12.4921050184
39,4.8065839215,4.2501536318
39,4.2397979923,12.2914313654
40,2.1427207906,4.7153960978
40,2.1031167690,5.0532072380
41,1.0782595650,4.9206255726
41,0.9111167437,11.1037105299
42,1.5592809853,4.5130511621
42,1.6282256756,8.1261647639
43,4.6725314977,0.1570621297
43,4.6966072095,1.5615276942
44,4.8643123049,0.4341336581
44,4.8867293134,1.7176965989
45,0.4473026792,1.8016923814
45,0.4635149537,2.1614617487
46,4.8281954282,0.5481144995
46,5.0715230604,4.5593996202
47,3.0624908839,1.9971420400
47,2.7245631719,11.7234620606
48,4.0063138164,3.6893300295
48,3.0066766799,12.5340899300
49,4.6936125942,4.3660871894
49,4.7528811458,10.3654777574
50,1.2105739644,3.2415584003
50,1.0942021838,10.9629448808
51,1.0861114926,2.0871895599
51,0.0988378844,8.9636038728
52,0.5474593962,4.1480886684
52,0.4798928300,4.5437961971
53,2.6953739280,4.9474234292
53,2.1531678233,12.2690681922
54,1.2674940409,1.8949931995
54,0.1719600427,9.9341091727
55,4.1773423568,2.4269769013
55,4.1545523735,3.0743570050
56,0.4925183276,3.0838001555
56,-0.2016769396,7.9001080419
57,3.9660954086,2.0396757771
57,4.4040297049,11.9655979535
58,2.6657848509,4.0263817747
58,2.6991358409,6.1739662989
59,1.0609908297,2.9542386543
59,1.2608721399,7.9447213241
60,2.9329016547,1.3642572083
60,2.9193731788,1.9203975781
61,2.3104310593,2.3227847476
61,2.2691813109,2.6752622872
62,3.4430382757,2.1621825210
62,2.7985938429,7.0126068486
63,1.2267425054,1.7961680337
63,1.0177524655,4.7371874433
64,4.6871851470,4.5576927058
64,4.7030337934,5.2056781824
65,3.4355347746,1.7347449540
65,2.1687915677,8.6209532349
66,4.6526472929,2.6901933592
66,4.5240828166,5.8437629200
67,2.0896570763,1.0289184845
67,2.2482531097,8.8566894726
68,4.0696532207,2.4901657828
68,4.1472277288,4.2959119061
69,2.2002521022,0.8171450362
69,2.2159115521,1.0602696394
70,0.0438231978,3.5730635395
70,-0.2083004433,7.6945740796
71,4.9751399749,1.4863848347
71,5.2546900095,6.2844699578
72,0.3752912751,2.9626508250
72,-0.0392553962,5.3957908329
73,2.5709831141,4.5078893557
73,2.1192107463,12.9009083446
74,3.8953110666,3.8984477305
74,4.6055232750,12.6740561939
75,1.4667805379,3.1671661105
75,0.8624619621,10.1091451113
76,0.7603119533,3.5633397076
76,0.6651932968,6.2461500083
77,1.7094306671,4.7108268726
77,1.8471254847,7.6986752403
78,0.2495009343,0.4355151687
78,-0.1723801942,10.0665591056
79,1.0231249279,1.1277903518
79,0.6801121028,5.2805342351
80,2.6184269111,4.6080925142
80,1.6381255387,13.7776434618
81,1.1864538314,1.0039298948
81,0.6477939778,7.2460874373
82,3.4321370878,1.1363074509
82,-4.7133981867,4.4939285346
83,3.2230080110,3.3558315139
83,1.5438258024,4.6271830604
84,0.5927121467,2.5928258033
84,-6.3136022813,6.3409103222
85,2.1781386901,1.2066999081
85,-1.7573481201,2.6596077885
86,1.4011586058,2.1917988685
86,-4.5309839242,4.3421083496
87,0.6495293675,3.1131819176
87,-8.5086053907,7.0061440188
88,2.7205043560,3.3164173648
88,1.5964209029,4.1972643998
89,1.6553631336,3.2657374653
89,-1.8520868568,4.4078365488
90,0.3214891371,4.5984156470
90,0.1662485653,4.6636150537
91,0.4377750630,3.0357773347
91,-3.9571594362,5.7335817757
92,2.0473877944,0.2848743656
92,-4.0379484414,1.3463884857
93,3.6581975213,2.0764029674
93,2.3362656653,2.7198873573
94,4.2230748278,2.3650708502
94,3.5788750182,3.2247488482
95,2.0412111399,1.4146258632
95,-5.8153017939,6.8885694463
96,3.4921191361,1.3559423031
96,-3.5831184818,6.9339696755
97,2.1624846954,2.9159553156
97,-3.2886853533,8.7930584215
98,1.0863462570,2.6768730019
98,0.2034826230,2.7304196228
99,3.5937712735,1.7956711833
99,3.3596322752,1.8882862524
100,2.0527208027,2.7409980475
100,-6.0950884373,4.5567594118
101,4.5900539356,0.4546145744
101,3.6350020509,1.5767047876
102,3.2242771224,1.4338660717
102,-5.1498878106,5.3741046034
103,1.9162352486,2.4590376003
103,-5.9602554231,7.4687239316
104,1.7775255376,2.7995514970
104,0.8548604064,3.3435418041
105,0.8371309052,2.1064242578
105,-6.9765164124,6.1023277318
106,2.8824825567,2.5558811802
106,-0.5536280134,4.7246393008
107,3.4565548645,1.9796135406
107,2.4241735557,2.9125877329
108,3.0379428282,0.7435696090
108,-3.7970364702,4.8375588976
109,4.7321770585,4.4229795372
109,3.5944829914,5.1100917863
110,3.7869837015,1.7732865478
110,-0.8221140560,3.3827395069
111,1.0413824840,2.9116297846
111,-4.5813285876,8.0058766745
112,3.0649951051,2.9418491051
112,-1.7694604364,11.1972717777
113,3.5241963531,3.1485143975
113,-4.9446174071,7.2810776441
114,4.2690788314,3.0235507790
114,1.7693848929,5.0540241185
115,2.4573689716,3.5428683180
115,-2.8534425747,11.1043096552
116,4.3118897196,3.6071724870
116,0.0631340386,8.2149887271
117,3.4158961112,2.0624648068
117,-1.6708440203,6.0229416188
118,0.6098646691,0.9279469715
118,-3.4489054229,5.4985695294
119,4.6919496854,0.1195069497
119,4.2275563839,0.2365031107
120,0.0345471624,2.0292189476
120,-5.5863879578,5.7988148855
121,0.8125992384,4.3296325877
121,-5.3610142832,11.7587988776
122,3.1571122440,4.3743133269
122,-5.2870981461,8.1283768947
123,1.0298321778,4.0309318190
123,-2.8544767536,5.5271878178
124,3.4081941139,2.7319469792
124,0.4715678156,4.0520259612
125,2.7517670866,3.4485584273
125,1.6187412676,3.9554172468
126,3.9146921780,3.3948189411
126,-2.1754764107,7.7438389032
127,1.3543515272,4.0620723457
127,-1.4403354485,5.5722159191
128,1.2473405481,0.6529918665
128,1.0091079698,0.8274830763
129,4.6773589696,0.8485801947
129,-1.7469796581,4.3091280949
130,0.7497853080,3.5085087720
130,-4.5431150334,7.8214253760
131,1.1160025062,1.7575825539
131,-3.4313885478,4.1637706763
132,2.8475183285,3.1488651121
132,-3.6452541746,7.9578397539
133,3.3439933342,4.1489289592
133,-3.7304095609,9.6369744085
134,1.4289241511,1.2884581679
134,-7.9195061261,4.6200206057
135,2.6214154221,4.3341122416
135,-0.4474141527,6.9697109708
136,1.1016565547,4.7554239280
136,-0.8266767766,6.1524537603
137,2.8280575890,2.2775804599
137,1.8570271702,3.2438094039
138,1.8239520767,1.6309755687
138,-1.3129613611,4.6156652083
139,2.4505794814,0.7888632632
139,-2.7775637312,7.3664300828
140,2.1967781824,4.0504837915
140,-3.1212182771,8.3458190208
141,4.6717454564,4.0314381151
141,2.5227630297,6.1778654170
142,4.7248487782,3.4395347471
142,1.4113066838,5.1338066122
143,4.2445794022,1.1189621219
143,3.0098872370,2.4019096788
144,0.5075205537,1.6676057306
144,-1.8291181045,4.3898913043
145,4.1251583924,0.2510975019
145,1.8441323327,1.4078720260
146,1.4378712827,0.8307072085
146,-1.8956594268,2.7392912639
147,2.6365360437,1.9611680872
147,1.4212626995,3.5016338791
148,0.5148815658,4.4658160370
148,-3.1120961859,7.0890529229
149,2.2572992328,3.3172071744
149,1.4429972518,3.4553879116
150,1.5095649400,1.6459284098
150,0.0912857155,3.8407887975
151,3.0802645768,4.1231023749
151,-1.1394834989,6.2511157933
152,1.7930631085,1.2108940766
152,-0.8926607152,4.6042893420
153,3.0563085819,4.5368497178
153,2.8789741192,4.6386566608
154,4.2658083694,1.4573968441
154,3.0280199591,2.4470652999
155,4.2693827072,3.1159887152
155,0.0883599356,8.2436466272
156,2.7326200082,4.0337881935
156,-2.2028486392,7.1740295490
157,3.1942948938,0.1599323041
157,1.4076283701,0.4616565412
158,1.5797435417,4.3965857648
158,-1.3614790923,6.2803605759
159,0.3894295233,4.9427175652
159,-4.7917936629,8.4766220315
160,0.0585243296,3.2464966483
160,-4.1145108619,6.2119804477
161,3.1863287596,1.8933454434
161,-3.6702057636,6.7750628465
162,2.4056722635,3.6563133098
162,1.5734978599,4.2509044230
163,0.2319578465,4.5998694219
163,-7.9702176147,9.6147752470
164,2.7524879971,2.4768563968
164,1.3721608465,3.1598129333
165,1.7140565388,0.9039625091
165,-5.2885649619,3.1353780330
166,0.1010489262,2.3670670997
166,-6.6547646947,9.6368085179
167,3.2229309500,0.3570755298
167,-1.0430686705,2.3239702704
168,2.7480090729,4.5815125908
168,-1.6176970518,6.1572410257
169,2.0744982217,2.5589963989
169,-2.5046464054,6.5951168055
170,4.0234451099,1.2728419146
170,-4.4273758134,5.8206056773
171,0.7928791256,2.0228358457
171,-1.2238533177,3.9933109002
172,3.7608941297,4.7958216614
172,-2.6593265233,11.5680194205
173,2.4368930247,3.2855002166
173,-0.0525170996,3.8447574215
174,2.1016364629,3.8465572973
174,-3.7930775854,8.9879084740
175,3.4061881712,0.5727282824
175,1.3582534704,2.8740486630
176,4.9716727088,1.3199629769
176,2.9558991638,3.1341991757
177,4.9153763028,4.0562566218
177,3.8156035610,5.0259894050
178,4.9906907453,3.7934202404
178,-2.6377299914,9.9980358931
179,2.5995250751,2.1159338625
179,2.1041429393,2.5012505160
180,3.3232939923,3.4482182753
180,-1.8595585242,8.8269062487
181,4.0524071715,3.4381017174
181,1.5732421387,5.1815972670
182,3.0892997788,1.2746757482
182,2.9544590708,1.2854903811
183,0.2914428713,1.2620983001
183,-4.5840292591,3.0958390879
184,2.7252479982,1.6316937036
184,1.2141423720,1.6993758264
185,4.8696491673,4.6837960367
185,3.0562598237,5.0590195999
186,0.5914282269,1.3073583251
186,-8.7034631335,1.5683757108
187,3.1727665056,4.2113662037
187,-4.5844612485,5.3585687617
188,0.7372468504,3.2531120683
188,-0.8579016733,3.3123839133
189,1.0717631059,3.1726833582
189,-8.1779573485,4.6523494222
190,0.1724885836,1.4907839864
190,-0.4758471666,1.5759477394
191,3.8705065233,3.2661366915
191,0.2461826495,4.4252640613
192,3.9284970884,3.5065044037
192,3.6624352640,3.5896265117
193,3.0485359674,1.7694723752
193,-5.7692353395,2.7627770780
194,0.1479034180,3.7014012961
194,-8.5886769120,6.4728841679
195,4.5486356836,1.4755091266
195,0.1848298818,1.9054650846
196,1.8700653255,2.3507073137
196,-0.2556750559,3.1804766674
197,2.0698346503,3.7923566547
197,-3.9688547926,4.5925414319
198,4.6228674805,2.7035718427
198,-4.5164533156,4.1532606343
199,4.8386096447,0.7538999261
199,4.2975233482,0.8417466468
200,3.9269174227,3.8216093888
200,1.0518176354,4.5091381840
201,4.1913564529,1.4860950169
201,1.8172669344,1.8439626409
202,3.8586605040,2.4866819528
202,0.0082658819,2.7395407479
203,1.9324534945,3.1506389624
203,-0.5104051898,4.0728210073
204,4.7415676479,2.1211889299
204,2.5062543979,2.3497288918
205,2.7018605884,0.9680532097
205,-0.9779428426,1.0776469517
206,2.7351721906,0.3415906140
206,1.0051209274,0.5541889572
207,1.4841294048,0.5431879579
207,-6.0877385972,1.8346462910
208,3.7455671164,2.1921559225
208,-2.0877607873,2.3967750329
209,4.9572552022,3.2099745060
209,-3.9553745089,4.3127090860
210,3.7919836591,3.1107624836
210,3.0886704004,3.1761283764
211,2.1632028200,0.1511965286
211,-4.1828032298,1.3032798192
212,0.7075271452,1.2439773096
212,-7.3301761366,3.6259668613
213,0.2503442615,3.5655113324
213,-8.3640093842,6.2979311151
214,4.8291620239,3.6673985046
214,-1.3190918838,4.4761208664
215,1.1417887891,4.4421791805
215,-2.9973773655,5.4062748672
216,0.7399920833,0.9578617818
216,-8.7522694857,2.9588222585
217,2.9061479239,3.8624601688
217,-2.3186570757,4.7938611540
218,2.1639898136,3.0917775346
218,-1.2297506059,3.3976220265
219,0.5151988869,4.6924798687
219,-5.2168080026,6.1677805666
220,1.9718379879,1.7714864539
220,-2.4625328595,2.7199035831
221,4.4049895457,4.0712020181
221,-2.5121869797,4.6600707134
222,3.4374907423,4.8808965770
222,2.3549829782,5.1449499804
223,3.6908593191,1.8916828232
223,1.4824326338,2.2309731687
224,3.6043351396,0.1051831370
224,-4.3291754432,0.9908939201
225,3.2193567528,2.6462338663
225,-1.1495509337,3.2524084501
226,3.3868827497,0.4844896046
226,1.7031226408,0.6859869809
227,3.6596164863,4.5741639524
227,-4.8831758574,6.8118996886
228,4.4931779789,3.6178350783
228,4.2063853549,3.6374010340
229,4.6688323867,2.2900767036
229,1.2423029666,3.3544448468
230,2.2053934180,1.3544358985
230,-6.1258331906,3.6522209380
231,4.6543365536,0.2869615766
231,-1.8366130309,1.2364353781
232,4.7698433007,2.7766490803
232,-0.1458889937,3.4463488174
233,0.3432006783,2.9739473103
233,-0.6408535161,3.0013340815
234,1.7088181175,1.5350139703
234,-0.8994130935,1.8655687666
235,0.0688176667,1.8298151196
235,-4.5439620745,2.3422493434
236,3.0254139419,3.0858782006
236,-2.3096017335,5.7536010956
237,0.7305232120,4.0835254149
237,-3.8906015605,4.9741775985
238,2.0310921213,3.0042988995
238,-2.0608686921,3.6115264599
239,0.3776389856,0.2711288542
239,-4.5545748891,1.6885751553
240,1.6621864234,2.1715307998
240,-0.5703761805,3.1146982840
241,3.7336836982,1.7960643765
241,-1.6883927380,2.5576548766
242,1.5730590718,0.8652124765
242,-1.8999473776,0.9892554529
243,0.8092413555,0.5596846835
243,-7.5531933127,3.4203549094
244,0.2115408325,2.8716241167
244,-0.9312349994,3.0483836564
245,2.7689629232,1.8576324216
245,-5.7497415099,3.6102341507
246,3.3581664319,1.7872311898
246,-3.7067770285,2.8860793091
247,4.9377634510,0.4770112246
247,3.3100925961,0.8803918276
248,4.4934352798,4.9248883459
248,-4.2836557967,5.8735429367
249,0.4421656048,3.8278402919
249,-6.3796578764,5.5290378895
250,1.7630062195,3.7263927659
250,-4.9287665086,3.9370098422
251,0.8154732433,2.6080811332
251,0.2155078326,2.6717760663
252,0.9894419058,1.2808500499
252,-4.6977693841,3.7901417007
253,4.6877286653,4.4152571895
253,-0.1241363690,5.1500685101
254,0.2037794634,0.1038917354
254,-1.2520609813,0.2146447332
255,3.2441171387,0.3001889753
255,-6.2221335855,1.5998802948
256,1.9335802907,3.4464078595
256,-7.4354847673,5.5616622103
257,0.3460892735,0.1046421194
257,-7.0480700376,1.3653253942
