44;2;128;86
232;200;304;272
495;438;556;499
381;247;532;398
511;451;560;500
407;320;429;342
332;303;398;369
144;129;199;184
347;109;448;8
53;0;107;54
233;183;382;332
409;63;448;24
49;0;107;36
477;386;506;415
256;124;323;191
436;403;496;465
437;398;448;409
231;389;264;356
122;423;162;383
183;335;248;290
112;385;301;276
260;185;302;143
121;47;141;67
281;202;317;227
327;122;445;4
436;197;488;145
403;357;413;367
228;205;325;302
456;415;482;440
254;140;333;185
177;137;205;150
143;124;198;179
373;365;385;372
494;307;533;346
143;138;194;185
439;201;491;149
177;138;213;174
280;199;334;145
86;51;125;90
467;403;490;426
86;69;120;101
2;478;29;461
98;250;133;285
65;8;107;53
188;95;212;119
192;118;251;181
437;200;490;147
107;136;176;336
423;234;438;219
156;468;204;420
378;50;425;3
525;182;559;163
213;65;247;99
297;291;347;262
560;344;618;402
177;370;220;327
232;194;305;121
392;44;436;0
387;279;423;248
458;167;538;316
319;120;382;57
414;268;454;308
121;421;318;224
146;100;167;112
246;414;267;392
189;49;248;104
476;64;543;3
37;391;65;374
165;238;244;317
343;397;356;384
142;110;209;179
255;126;301;172
234;334;267;367
2;75;35;96
376;146;407;119
522;41;542;19
45;411;101;381
151;85;162;96
254;253;384;322
378;51;434;0
150;95;163;107
345;320;395;370
67;166;151;208
377;266;429;318
435;158;478;139
376;261;431;316
436;378;451;395
16;2;53;51
200;245;211;250
356;65;397;24
291;246;315;222
288;452;324;447
149;355;208;372
528;373;600;445
383;245;455;314
38;392;64;379
26;356;65;343
208;138;316;217
481;258;522;316
420;229;453;219
587;288;621;322
544;419;595;453
154;54;166;66
130;187;150;207
520;234;593;265
198;246;265;334
496;443;543;492
144;102;169;125
496;299;615;418
235;190;382;342
173;220;236;321
378;414;394;391
236;192;381;342
1;142;35;176
184;87;213;112
526;375;599;448
361;193;413;226
502;453;552;474
176;215;236;319
189;56;246;109
358;207;372;221
259;200;354;285
509;327;543;238
396;166;436;147
213;130;314;231
261;123;331;191
360;202;377;219
597;206;600;263
129;268;215;354
148;56;163;67
458;358;505;409
395;426;423;435
610;440;623;440
2;77;36;119
233;181;382;325
592;432;623;435
66;156;146;236
309;500;329;472
92;177;247;155
363;394;396;355
547;455;559;467
523;374;598;452
388;283;427;322
441;349;467;377
69;174;97;167
515;396;556;387
292;440;346;494
506;134;520;119
144;289;166;279
45;426;88;403
317;299;354;273
440;351;456;369
131;265;210;344
160;439;214;439
232;195;303;129
338;311;397;370
297;497;311;479
15;8;56;48
522;436;559;500
151;278;241;353
398;205;413;220
412;370;431;339
229;122;316;209
416;402;426;412
445;145;541;232
361;195;424;252
524;202;557;169
114;169;117;228
105;4;107;35
301;496;312;481
260;134;397;68
543;100;595;48
455;427;486;432
150;329;224;274
546;428;566;448
289;451;323;445
185;91;214;2
105;307;129;293
575;499;577;474
292;447;322;442
522;197;557;147
225;124;301;173
577;128;612;107
375;271;411;241
253;247;318;198
238;232;272;214
127;274;129;301
445;211;491;150
340;312;440;285
242;309;310;241
248;455;275;448
158;308;223;269
86;8;108;29
141;287;211;249
27;4;34;85
2;150;34;178
495;305;624;434
218;346;245;329
533;432;624;445
505;464;551;479
129;358;208;373
301;98;336;133
513;36;545;8
118;57;140;77
545;345;615;415
600;31;620;12
502;451;534;453
320;122;382;58
525;189;555;144
104;313;137;330
228;418;266;390
405;446;433;448
117;237;247;354
246;369;271;377
61;363;69;459
293;440;343;431
43;192;158;174
247;366;267;371
486;81;511;61
272;129;299;147
428;237;493;172
514;383;623;360
519;436;566;449
343;403;357;407
34;1;105;55
416;404;426;414
452;421;505;410
401;185;438;148
573;124;609;94
475;62;544;0
121;499;205;452
195;124;314;210
392;43;454;51
144;114;169;114
484;269;538;306
375;478;428;397
397;148;439;96
361;198;448;228
361;185;376;174
481;233;534;210
190;101;210;41
351;337;426;262
598;26;609;15
441;366;460;361
164;325;228;280
155;452;180;427
21;218;25;6
401;156;420;175
570;253;624;225
367;162;386;155
468;213;514;259
378;137;417;132
420;227;491;170
405;412;425;416
309;294;346;257
28;352;80;315
107;487;118;477
541;197;562;174
173;225;235;321
588;96;611;73
130;266;131;287
126;89;128;46
559;94;583;49
391;225;417;201
364;346;383;335
225;212;322;303
446;213;492;172
294;53;320;65
299;398;323;433
174;221;186;212
540;152;554;141
343;400;371;391
376;405;397;400
545;423;594;417
242;313;282;276
16;72;18;219
253;274;281;250
279;192;335;140
477;453;497;459
137;445;140;500
609;219;609;236
153;349;202;305
299;401;330;392
516;330;535;280
408;315;426;329
477;55;510;59
485;49;505;52
599;204;603;254
124;246;165;112
593;431;619;457
375;274;421;245
36;332;42;304
123;276;127;341
196;278;215;261
86;12;120;172
407;350;425;347
404;198;450;244
430;273;459;323
553;408;617;399
460;456;487;382
62;460;90;372
156;452;185;427
398;109;418;129
509;468;550;480
514;387;590;458
399;147;456;210
393;100;470;131
138;440;140;462
125;247;233;68
594;186;624;199
227;442;256;432
545;53;558;122
520;375;536;372
546;429;583;429
191;30;207;48
484;244;539;305
502;452;559;468
100;244;120;265
580;354;618;401
156;463;205;447
356;124;378;109
235;182;303;122
481;231;533;203
210;364;267;393
216;375;242;359
122;281;213;240
257;157;285;173
146;165;165;191
251;241;302;294
156;347;215;356
490;371;541;237
595;212;597;262
64;431;65;459
251;240;299;212
538;65;574;70
177;376;219;394
197;185;261;124
15;446;15;414
259;358;279;362
0;115;44;154
237;215;254;197
1;78;33;77
431;127;487;145
364;169;384;151
471;347;502;347
154;349;199;361
567;483;600;489
586;106;613;79
191;18;231;35
588;288;600;343
241;234;318;197
191;41;206;50
136;253;156;237
152;445;241;428
407;362;427;326
107;343;138;313
443;313;459;288
319;499;333;475
600;30;609;16
248;457;277;454
408;409;426;427
316;93;379;116
219;376;238;366
11;500;22;451
131;7;172;48
92;126;106;54
456;140;490;149
589;391;613;386
12;22;63;38
317;422;333;406
160;436;176;422
308;73;319;65
431;126;471;134
411;337;447;297
500;198;557;110
225;354;263;322
537;123;577;43
359;428;443;499
50;289;60;241
242;330;264;352
569;170;614;110
456;445;490;448
352;74;380;127
239;234;318;194
475;396;499;400
445;320;462;294
68;381;77;465
594;39;599;138
184;90;236;69
516;451;537;452
233;180;381;55
44;276;55;235
163;241;210;254
65;424;87;421
34;0;77;4
157;468;206;448
298;403;333;407
56;290;65;243
469;357;510;357
462;380;505;417
14;5;58;6
569;486;599;493
558;333;591;353
152;353;186;362
291;500;321;456
111;380;117;291
414;265;441;287
277;50;308;48
527;323;539;335
107;201;176;184
144;122;167;124
420;231;453;222
129;18;133;1
365;53;395;83
182;71;214;102
613;340;620;362
396;436;433;447
0;113;42;149
26;348;68;313
85;57;138;82
147;356;205;383
324;139;337;126
242;267;315;215
539;67;577;42
565;390;593;417
515;480;554;489
390;47;443;2
559;340;572;336
231;174;246;159
547;233;592;274
405;357;444;294
120;347;122;275
417;401;429;399
15;43;60;42
461;164;492;171
485;314;523;349
47;289;56;239
103;494;148;481
10;439;23;436
515;227;537;218
568;157;608;106
306;97;337;128
272;283;343;253
509;171;548;131
444;317;454;327
304;387;326;363
376;276;420;250
547;365;624;442
397;169;466;122
104;342;138;311
581;71;612;74
130;409;164;414
155;458;204;444
246;269;314;222
575;265;601;262
273;129;298;145
557;331;609;317
221;428;241;423
557;332;619;362
100;269;159;178
215;141;260;123
495;302;535;342
143;109;212;178
208;132;245;120
73;150;156;236
349;412;357;401
458;450;495;459
385;286;410;235
513;165;615;186
501;205;561;265
392;238;428;211
234;395;259;422
484;38;513;16
26;355;63;337
184;70;219;95
224;214;333;170
127;249;212;113
293;436;331;419
546;427;595;422
571;254;606;251
40;363;64;340
190;61;235;75
10;222;15;77
543;84;595;47
238;228;287;179
156;458;192;425
263;7;297;6
265;445;275;447
524;423;537;422
377;0;410;70
584;94;613;77
440;365;459;357
86;70;123;141
355;432;391;475
483;35;536;36
152;340;242;286
377;9;424;8
150;324;189;283
298;104;327;92
189;33;206;33
346;320;424;263
465;461;493;459
39;365;63;369
109;374;136;358
436;170;474;136
82;113;130;114
542;95;574;71
45;406;70;388
45;187;74;212
518;439;575;446
7;430;27;426
106;332;136;341
285;496;323;441
412;337;424;330
246;368;263;353
392;41;455;50
290;443;343;432
147;300;227;279
567;384;610;389
105;477;137;476
191;25;231;24
317;281;398;365
445;146;467;154
483;239;492;224
509;170;554;114
605;180;606;253
379;14;395;14
539;54;594;54
350;234;412;196
602;350;623;348
456;436;478;442
270;0;311;237
223;435;242;432
609;451;624;453
160;438;267;423
275;279;310;244
14;29;109;31
256;320;269;307
553;391;613;377
193;405;206;408
530;259;623;219
155;457;180;428
471;408;506;408
409;370;429;338
331;480;346;498
467;202;492;185
479;258;541;303
546;377;613;372
232;319;289;258
10;181;15;41
16;374;34;375
294;250;308;242
22;363;32;364
232;402;260;398
150;337;203;306
117;355;118;291
166;364;221;335
397;168;420;143
407;367;421;366
607;282;623;271
586;439;624;436
403;202;451;232
435;391;448;387
258;262;348;264
60;17;89;20
290;453;314;498
378;11;449;11
524;34;545;13
199;245;269;335
316;91;380;114
360;427;445;498
572;253;604;240
368;46;418;51
391;206;414;222
488;33;517;34
185;81;213;2
27;350;77;313
109;218;172;140
121;418;164;395
154;456;214;440
86;66;139;77
436;314;444;301
44;428;54;428
465;340;473;328
216;155;321;206
525;144;558;148
407;368;429;336
358;61;385;86
306;376;323;362
516;444;538;450
88;106;122;108
160;411;171;400
39;389;59;362
225;209;250;195
407;365;429;334
136;259;270;375
553;411;617;402
232;121;287;172
499;209;515;199
362;177;375;168
229;113;243;113
122;236;185;269
190;56;216;76
10;500;14;466
340;406;357;408
376;55;436;64
109;486;140;480
11;14;114;12
516;380;545;445
225;355;244;345
432;193;446;178
299;399;333;405
248;459;267;451
361;188;414;225
576;301;607;334
357;61;375;80
149;21;159;21
307;16;346;55
418;417;429;398
514;382;532;399
584;437;600;451
325;128;337;131
603;40;615;11
350;221;379;191
126;248;211;112
343;85;369;95
379;32;449;24
526;188;556;169
587;303;614;290
126;403;169;398
1;115;27;115
486;276;513;268
504;461;557;472
45;405;85;402
494;289;538;310
512;151;532;155
540;161;558;165
366;164;380;158
300;404;358;453
17;40;17;63
457;166;467;160
294;54;319;78
113;273;117;238
110;376;151;373
27;317;86;333
523;243;552;276
121;141;124;111
233;196;277;240
460;426;500;421
396;112;410;104
306;21;333;21
455;180;493;186
322;144;335;142
469;271;507;244
149;327;223;273
53;415;93;410
473;161;492;165
601;15;620;15
362;393;395;354
539;193;580;171
108;123;127;46
299;406;331;403
26;149;26;6
557;189;582;176
126;400;210;345
165;326;201;305
61;276;66;245
351;341;426;263
477;58;512;62
21;367;31;368
377;261;410;238
539;82;609;90
314;150;326;192
270;120;305;120
267;117;304;118
392;133;419;128
374;292;426;261
163;242;236;320
481;234;541;301
467;360;483;375
192;18;218;20
189;425;205;424
139;435;149;425
219;378;271;378
347;144;360;142
376;254;435;315
55;289;64;243
504;204;557;254
308;96;379;103
499;208;559;266
409;408;444;406
538;363;568;362
499;211;554;266
264;13;272;0
26;342;65;352
376;37;455;41
311;178;338;180
533;430;623;444
90;179;205;164
145;117;169;117
609;177;619;181
289;475;308;474
374;363;422;359
430;134;464;110
538;71;613;81
19;446;20;414
177;486;199;482
305;429;396;450
332;301;353;289
0;495;22;489
12;13;114;11
157;461;196;456
575;90;606;66
137;259;193;225
130;471;140;471
226;363;272;322
424;142;445;164
107;320;127;305
488;331;505;330
445;215;459;207
443;371;510;361
618;211;619;192
150;323;223;271
126;404;171;402
517;389;556;386
542;350;614;399
350;111;380;111
362;176;387;152
115;272;141;168
155;475;209;455
130;35;144;0
87;138;103;51
289;500;332;476
103;496;153;490
543;352;613;331
145;127;169;127
308;197;314;233
19;74;22;218
184;88;241;94
409;323;428;321
16;445;17;418
119;292;152;436
453;425;506;411
106;141;162;197
405;17;449;19
81;31;108;36
534;134;554;107
489;324;517;352
354;343;384;314
24;328;25;304
583;80;612;83
616;282;616;243
9;98;9;54
45;280;55;237
455;434;482;438
551;407;600;411
309;12;347;54
401;186;424;169
306;155;317;209
333;294;353;282
388;221;422;204
192;10;221;12
394;442;431;449
472;356;560;319
347;233;386;206
177;375;210;350
569;301;624;356
525;268;622;225
146;265;158;244
233;199;248;192
3;487;23;486
144;130;176;182
236;402;257;405
346;411;394;354
395;429;434;446
64;425;93;409
356;123;371;127
591;229;624;215
150;86;160;88
113;383;163;395
347;457;357;456
583;68;597;57
477;57;513;22
30;149;32;3
587;301;614;328
2;121;35;121
235;189;385;339
131;187;160;187
584;357;624;355
497;118;517;116
186;68;218;77
612;172;624;160
469;392;492;393
66;178;105;169
19;15;102;40
62;451;79;444
364;465;424;472
347;82;458;210
127;86;137;47
278;43;297;41
303;98;337;129
109;349;119;348
459;166;489;191
227;357;244;346
424;185;450;160
398;425;423;432
228;386;261;396
0;493;32;466
219;168;285;174
601;178;617;184
439;355;458;357
151;354;183;362
99;22;110;22
312;419;332;415
523;199;560;157
539;80;593;39
219;167;304;154
130;408;159;393
569;306;622;280
426;140;447;161
115;388;199;312
455;429;478;434
130;19;158;18
292;477;328;429
238;352;282;325
264;11;297;11
499;111;512;109
32;346;49;329
557;381;615;381
33;2;93;52
217;143;248;140
103;499;171;477
509;473;551;478
539;60;596;57
90;97;115;138
376;143;408;123
109;344;135;322
44;195;74;190
574;371;613;370
249;269;318;200
288;453;330;463
56;211;78;202
214;316;282;274
548;359;574;356
464;377;510;362
233;195;305;136
402;156;427;162
375;295;439;282
0;474;27;457
110;375;137;358
467;359;501;348
571;159;595;145
525;191;557;172
116;205;124;150
269;116;290;108
43;403;60;362
573;141;623;113
89;277;122;260
293;262;343;252
467;278;478;259
1;496;31;469
607;283;620;294
129;183;204;150
569;259;587;256
295;432;322;439
376;406;397;405
27;358;63;340
483;75;510;60
531;172;560;156
472;215;488;197
548;401;612;398
16;499;26;454
388;272;423;250
156;39;166;43
64;429;91;423
22;366;32;367
224;352;246;330
271;4;291;102
473;263;538;308
58;219;63;205
1;107;43;145
88;68;120;100
397;149;417;130
265;13;297;12
400;140;438;95
181;71;206;125
172;250;190;237
348;234;393;206
513;154;547;134
564;410;615;414
438;397;452;393
20;36;109;33
514;36;544;3
352;132;380;110
158;430;175;422
253;276;308;245
74;333;88;336
380;253;479;346
303;430;322;436
583;76;598;63
106;278;111;242
399;139;411;125
555;83;591;50
46;411;86;404
189;387;207;374
612;173;623;169
499;220;541;234
322;111;368;98
157;37;169;38
157;460;205;445
85;55;104;55
281;114;304;131
75;336;88;338
293;439;342;430
152;339;214;354
519;15;544;15
350;76;367;81
546;374;608;366
103;340;135;309
159;436;179;427
547;415;561;417
300;400;316;417
376;282;415;243
501;187;516;177
488;330;536;324
486;338;522;351
381;390;391;389
120;277;195;227
493;265;537;294
288;472;328;460
574;141;594;143
349;219;383;199
384;127;405;118
270;119;288;114
43;19;86;20
99;304;214;245
378;33;456;40
298;291;353;270
193;389;219;366
233;397;261;397
364;466;403;460
229;407;256;402
172;252;191;239
160;168;286;177
401;177;465;115
166;359;206;323
544;77;612;88
137;283;187;212
299;402;331;396
427;273;457;324
358;118;378;118
99;0;113;10
474;261;536;303
544;72;575;39
233;191;284;244
528;437;572;447
109;124;117;99
379;30;448;22
192;275;213;257
592;251;623;152
488;87;501;78
289;275;312;250
256;256;315;214
425;186;458;206
209;137;246;135
469;401;500;402
192;2;221;9
141;171;162;196
38;393;70;392
138;430;160;452
188;396;207;403
429;138;449;159
236;333;276;365
366;295;390;369
251;384;264;384
485;182;501;198
375;255;433;315
56;500;59;487
288;284;330;295
556;321;590;459
218;144;242;150
249;291;266;314
159;67;162;23
294;436;328;426
495;294;539;315
479;69;500;72
260;193;325;171
313;38;337;36
437;387;447;385
81;382;100;381
502;182;551;135
425;50;457;38
357;67;396;67
554;277;560;244
87;186;118;186
79;122;134;120
12;20;37;20
388;120;427;158
124;363;163;385
41;363;63;368
590;288;613;387
157;462;210;461
10;188;10;219
153;316;277;363
288;474;330;467
194;403;204;395
487;279;509;270
62;66;72;65
357;66;401;61
53;470;53;487
169;236;213;277
543;101;553;100
133;37;136;1
551;448;570;453
521;499;531;438
571;166;620;120
257;278;287;254
85;138;94;111
384;135;412;137
468;403;503;405
275;40;294;38
144;143;157;83
430;118;484;142
131;84;144;53
106;142;121;135
21;368;33;371
384;296;400;219
160;427;244;435
490;27;538;27
537;129;548;130
295;439;327;428
268;20;292;17
343;399;357;402
417;106;441;115
547;195;557;173
539;55;597;56
74;150;122;183
361;179;374;175
140;433;213;438
429;121;446;137
127;272;267;422
127;393;159;392
91;127;121;48
153;345;244;291
17;102;17;74
3;481;26;479
614;401;616;467
491;22;543;22
488;329;555;237
191;13;221;14
620;286;620;191
258;283;311;249
393;304;421;277
190;70;222;91
393;102;407;114
1;160;33;178
156;43;170;53
112;222;187;136
399;159;415;174
519;446;578;438
513;227;559;161
165;177;232;65
101;306;108;295
130;394;170;399
238;233;273;204
49;421;49;434
185;337;314;266
457;451;497;461
9;429;27;418
193;183;258;123
430;124;503;197
81;134;97;79
149;306;172;284
551;495;552;485
510;346;537;335
490;26;508;11
12;19;35;18
456;447;466;449
468;214;488;195
542;354;623;309
366;464;382;442
7;89;7;63
397;238;422;263
308;500;329;486
69;197;78;143
308;172;327;163
133;6;156;14
436;376;501;351
46;309;50;435
363;54;386;85
454;426;505;415
556;328;572;318
568;47;581;47
402;440;414;423
311;25;333;28
541;196;583;163
412;310;442;290
339;442;395;450
44;307;48;414
266;116;304;117
600;186;605;254
187;287;202;299
565;474;600;485
344;88;368;91
401;182;449;237
109;379;154;379
68;14;94;17
311;10;347;51
398;149;419;141
69;382;79;459
314;276;344;253
432;125;462;124
349;79;371;87
320;499;335;476
186;80;217;100
356;116;378;116
58;46;59;0
9;180;11;53
435;167;471;132
189;34;210;40
244;224;316;294
51;387;51;366
539;124;552;109
351;330;366;311
215;130;326;166
348;470;371;433
378;27;398;29
469;352;554;320
150;91;163;95
160;474;210;458
515;327;533;277
52;234;52;244
539;149;548;134
406;445;425;431
375;39;426;29
256;142;311;245
302;394;330;399
538;397;612;382
43;146;44;156
540;53;594;53
363;464;391;477
306;17;345;57
13;11;112;9
567;198;581;177
543;193;557;175
288;36;338;110
102;296;214;242
438;205;488;160
540;154;556;138
104;336;139;346
568;313;573;329
410;68;451;26
129;356;143;360
398;171;472;135
117;498;138;479
190;102;208;107
155;450;178;428
610;441;624;441
2;282;2;271
232;389;265;357
298;295;345;257
609;39;615;13
539;56;554;122
135;500;153;493
110;486;173;479
434;236;445;229
246;370;268;377
85;377;101;380
193;6;231;37
518;4;544;4
378;127;388;121
372;360;383;352
411;338;427;325
582;453;597;453
490;369;503;180
102;120;134;44
458;442;491;453
368;456;421;469
232;97;241;84
296;440;323;446
176;375;200;364
280;68;296;68
107;215;275;328
38;126;41;158
231;407;257;404
404;22;448;21
148;153;206;147
123;427;157;400
191;27;229;25
154;64;169;64
27;146;29;30
228;427;242;434
559;330;612;303
415;110;439;99
550;406;613;393
300;397;327;402
571;161;603;66
487;72;505;53
487;327;530;314
4;181;4;111
156;338;204;320
544;458;579;491
271;111;304;136
48;289;58;240
291;482;327;484
300;105;312;111
129;411;202;498
124;385;155;389
353;384;370;387
21;308;83;323
108;371;134;373
116;229;125;151
368;352;384;337
164;239;193;223
211;130;270;189
417;402;427;403
429;137;467;119
102;272;172;168
403;414;426;415
8;179;8;106
192;9;221;11
439;208;491;166
468;277;515;266
351;391;371;393
607;333;610;261
401;304;440;288
541;413;613;415
408;319;456;301
41;380;64;380
610;333;614;243
542;84;566;60
218;379;270;380
470;445;495;376
487;248;515;200
251;342;281;324
332;93;368;97
199;70;238;72
71;422;93;425
115;51;140;75
133;85;140;48
588;152;607;69
294;458;335;479
42;353;75;313
131;28;146;33
5;180;5;110
404;13;438;0
407;363;426;331
460;157;479;141
132;356;138;343
569;476;579;493
436;198;490;166
405;16;450;16
148;304;190;218
58;461;80;456
324;252;353;276
321;113;337;113
20;499;20;485
619;446;619;424
462;371;533;284
241;263;284;293
42;397;65;381
437;399;448;410
1;106;1;146
435;180;452;221
80;378;90;368
596;495;596;485
452;424;489;428
527;255;597;238
117;57;120;47
499;215;532;206
387;127;420;123
6;180;7;107
199;85;241;89
405;420;426;426
612;174;622;170
414;466;420;485
376;412;389;412
80;133;104;52
234;377;279;361
359;202;375;184
381;418;392;418
329;40;346;44
255;255;312;213
500;112;511;107
23;52;23;69
493;368;510;364
476;223;485;208
429;131;442;117
566;389;595;416
516;379;538;375
11;222;18;84
47;2;104;57
538;364;574;357
278;291;319;250
436;402;496;460
540;111;553;107
153;344;224;275
213;157;318;208
314;299;352;277
595;291;606;335
29;379;29;340
377;46;411;44
400;151;408;104
486;40;507;13
78;313;90;390
236;185;276;159
80;132;86;108
302;58;337;127
139;287;160;85
441;367;494;358
443;139;462;107
531;371;542;369
623;454;623;426
543;406;591;454
185;373;202;379
426;186;485;209
544;249;555;235
543;65;605;65
332;298;354;284
469;391;494;388
3;216;3;189
304;63;314;63
109;483;137;475
375;288;396;304
376;3;444;3
379;51;438;54
230;404;258;400
185;378;199;365
160;317;183;378
14;8;57;7
602;136;609;69
91;90;113;92
377;126;387;120
546;455;567;453
345;450;379;442
407;62;417;52
47;23;109;23
108;351;111;293
131;23;145;32
139;424;171;403
510;474;551;484
336;308;358;294
421;234;458;208
557;347;578;445
170;232;192;220
191;150;316;208
161;371;181;363
108;218;122;150
105;500;139;462
126;485;150;486
527;375;567;413
271;125;300;146
231;106;243;112
39;275;50;233
302;395;317;384
522;196;556;144
104;314;107;297
270;122;301;143
299;412;331;413
30;373;43;306
164;433;205;426
455;184;507;249
399;205;437;236
468;211;490;183
432;10;447;8
106;202;192;330
224;212;313;298
618;236;620;295
329;95;379;102
521;169;532;159
56;218;62;187
279;65;308;52
417;105;434;107
309;368;319;374
489;56;507;57
410;336;443;299
327;50;346;49
377;264;413;241
357;68;371;81
490;322;555;232
385;299;428;273
258;279;311;247
470;266;536;316
600;289;612;333
347;409;389;349
354;435;379;440
236;227;272;212
131;35;145;34
496;119;519;119
29;148;31;26
548;371;623;357
442;384;452;394
137;7;155;13
346;141;364;130
535;437;600;446
553;448;565;448
516;153;556;137
30;13;53;13
559;428;595;423
209;357;229;336
104;498;153;498
350;322;430;276
427;50;438;52
159;317;203;320
349;218;377;185
143;288;194;248
489;371;510;365
264;8;296;10
132;47;142;66
39;369;63;376
112;484;138;477
405;442;429;406
370;474;424;397
310;412;331;411
224;351;262;321
116;390;197;320
32;110;33;75
317;306;351;284
339;445;397;452
171;232;195;226
187;396;207;405
10;55;50;60
51;414;68;396
65;435;93;407
265;0;273;23
57;219;76;143
19;321;62;339
128;392;152;374
499;212;512;226
22;313;71;321
168;464;193;457
129;10;157;16
488;90;501;77
226;354;276;322
446;243;450;232
565;214;578;206
496;305;512;276
154;455;215;434
539;91;558;94
366;51;395;49
355;437;398;445
263;3;298;3
568;187;600;80
519;447;597;443
328;44;342;44
59;454;79;445
538;269;561;261
312;296;349;265
570;489;595;489
233;98;247;107
177;472;196;465
348;224;382;203
501;21;542;21
192;22;218;21
128;12;141;29
443;369;510;356
376;480;396;451
518;401;531;402
483;236;535;211
311;417;332;417
535;133;558;110
513;33;522;23
252;245;305;205
338;90;367;96
403;156;436;146
139;441;151;438
145;143;158;83
293;461;318;461
189;50;241;88
13;47;46;57
414;270;424;283
464;460;481;468
254;271;281;247
574;88;590;71
295;243;317;223
280;76;305;46
196;18;219;18
287;489;345;494
94;176;133;169
251;157;332;190
422;46;456;44
623;340;623;362
52;386;68;391
105;278;120;258
10;418;26;416
609;333;613;244
604;41;617;32
28;353;80;317
399;148;418;127
467;274;507;245
601;395;607;288
550;453;569;455
409;409;432;409
610;40;617;10
438;408;461;430
42;371;62;370
54;290;61;241
352;330;408;268
161;369;229;281
7;479;31;470
256;177;326;162
225;384;275;365
492;264;538;294
361;184;407;101
553;497;563;497
426;44;447;23
540;67;563;69
231;405;264;419
514;384;612;373
527;14;541;0
287;469;327;467
228;440;242;436
245;233;327;164
477;224;487;218
70;175;143;219
501;436;512;472
584;93;606;70
152;319;221;272
366;451;396;456
400;169;463;109
231;175;247;182
121;422;167;400
407;319;460;295
128;85;139;47
189;97;215;3
587;300;613;290
20;84;32;85
476;414;506;413
136;405;165;412
497;294;539;313
67;198;85;151
596;208;624;193
577;367;601;386
155;246;179;332
484;34;512;15
531;178;585;185
12;53;25;56
16;42;63;39
376;7;447;7
385;218;411;199
187;338;332;258
602;138;616;130
309;295;348;263
9;436;27;419
534;135;558;116
621;361;621;338
191;381;206;374
148;152;200;135
229;215;272;204
375;5;422;5
513;473;531;475
155;455;214;435
545;99;575;73
382;246;453;314
84;78;94;29
344;462;354;464
106;497;152;492
466;277;512;258
488;39;534;23
305;97;310;114
276;22;290;0
271;0;282;32
2;182;2;107
294;171;334;150
622;173;622;152
131;20;143;22
61;218;65;208
26;319;62;333
217;160;243;123
373;152;408;125
468;212;493;188
537;63;549;52
89;274;117;259
62;218;66;208
158;463;169;460
345;319;449;215
193;406;207;402
88;79;104;8
480;53;500;50
57;421;99;378
300;491;345;495
621;287;623;190
50;306;85;327
539;367;570;361
249;353;262;342
331;292;353;277
530;148;555;142
314;298;350;267
514;395;613;399
419;485;432;485
456;143;466;153
232;403;259;409
378;26;396;23
606;42;615;32
476;66;510;65
522;464;555;462
128;406;136;327
46;252;46;266
42;377;64;378
46;413;67;392
378;411;394;406
471;265;538;309
579;336;618;363
361;181;379;190
440;364;445;351
469;343;508;334
457;452;468;453
481;232;515;264
362;197;380;189
140;396;171;404
149;27;164;27
27;379;50;360
386;86;398;75
19;218;22;77
245;389;258;383
382;86;399;70
36;337;66;348
102;298;123;291
500;311;528;345
361;192;379;185
409;61;437;55
509;135;520;121
583;93;592;39
316;88;379;110
395;427;424;422
156;476;173;478
276;26;290;25
313;420;328;424
560;333;607;325
410;35;433;35
157;308;186;283
150;24;161;24
39;394;86;394
603;420;615;419
376;270;424;210
314;499;332;474
377;407;391;421
99;1;110;20
188;398;206;386
223;431;269;373
471;416;501;420
183;132;224;173
315;299;351;269
168;365;186;364
319;115;333;115
183;287;234;367
176;484;206;455
157;459;204;445
303;499;330;464
51;84;51;74
150;214;154;177
348;325;392;370
106;122;111;65
615;130;622;119
428;238;453;220
102;271;104;244
253;275;271;290
198;69;239;81
486;77;507;59
112;497;153;494
280;207;316;194
388;206;425;261
470;389;502;381
374;150;387;153
410;326;429;313
359;430;391;472
400;174;427;163
370;202;410;231
567;383;579;384
403;415;426;401
13;23;39;22
126;399;154;381
138;286;187;213
365;179;377;184
136;277;151;224
116;66;136;85
190;38;209;43
84;47;102;50
11;106;33;120
280;209;311;244
33;117;40;156
498;115;519;117
594;254;605;221
545;273;550;229
361;55;420;54
159;483;200;456
226;125;249;132
509;466;554;474
311;97;315;110
155;53;172;51
287;470;327;425
118;229;135;159
109;369;150;367
224;354;250;354
124;387;152;370
253;252;275;241
518;212;537;244
51;306;72;319
583;449;600;448
411;341;429;335
0;112;28;112
420;69;435;57
132;7;149;8
544;83;607;68
485;81;503;84
362;430;372;433
190;32;208;37
353;342;384;311
130;249;146;224
512;150;560;155
265;14;293;16
130;26;146;37
512;500;523;438
476;65;504;59
89;181;170;170
262;139;313;173
532;428;534;415
464;338;475;335
256;202;270;198
475;282;497;253
74;464;84;461
445;212;488;168
409;449;425;406
306;16;333;18
440;363;453;358
147;136;168;128
241;315;326;249
4;191;25;184
355;128;407;122
54;305;67;312
182;292;217;261
413;258;424;251
611;90;613;76
485;246;493;225
501;185;515;176
480;341;510;335
66;28;108;30
395;101;471;133
323;189;333;187
144;175;152;147
523;42;533;41
397;162;410;167
15;500;25;452
188;52;206;51
567;204;601;85
328;46;342;57
2;205;23;202
609;212;611;176
572;147;623;114
569;494;570;477
407;411;432;410
78;355;93;355
487;368;539;231
48;58;48;89
65;432;97;429
65;4;109;34
112;381;173;342
539;407;575;442
193;410;205;398
16;57;50;66
385;130;418;125
403;192;420;144
578;363;620;356
468;272;507;255
486;84;500;87
159;310;224;279
55;210;77;180
495;290;519;313
408;446;432;444
115;386;220;333
445;370;484;354
230;202;300;272
68;165;98;157
224;383;238;374
233;400;267;391
517;488;528;490
103;272;121;258
461;153;477;139
139;210;226;123
381;32;406;32
376;266;425;208
314;419;329;419
72;37;100;36
160;428;210;433
499;17;513;17
346;109;374;109
157;29;167;29
405;421;425;428
365;461;419;471
188;56;205;1
580;352;613;371
416;43;453;30
335;304;356;292
119;228;155;192
464;337;468;325
325;127;335;117
135;449;150;433
312;152;331;152
293;483;322;440
9;442;14;416
517;148;559;150
539;191;554;177
495;284;537;309
220;26;231;31
514;482;550;482
0;275;10;278
517;146;549;134
65;425;96;427
375;272;411;229
113;385;151;382
470;447;498;377
545;324;597;325
67;167;75;143
438;207;470;171
298;114;304;135
540;362;572;357
574;378;616;380
556;188;582;174
88;72;139;79
304;388;314;379
409;331;432;278
535;121;545;124
116;47;141;51
405;15;450;13
126;474;136;475
280;64;299;43
598;300;624;314
476;184;492;190
144;108;162;110
517;399;523;375
243;219;273;206
571;85;575;74
150;328;219;263
0;194;24;186
292;465;331;464
404;177;434;149
104;341;128;306
398;151;426;158
191;107;206;107
8;62;50;61
68;162;97;155
576;175;587;138
214;143;247;134
172;184;206;126
420;464;428;490
232;285;267;331
391;219;415;202
180;75;208;104
443;135;453;120
49;307;51;434
355;434;366;430
51;36;63;37
349;110;367;99
252;341;277;322
436;194;487;195
38;275;49;254
118;64;146;62
401;1;440;1
2;74;17;73
178;474;201;456
295;486;324;488
290;24;292;0
524;269;612;233
52;305;53;339
601;31;617;23
115;50;145;54
391;226;422;201
376;2;442;2
167;180;212;174
291;474;320;439
161;433;178;424
490;280;508;276
406;317;428;334
1;202;24;194
304;389;316;384
345;465;367;433
605;271;624;265
410;177;425;163
302;499;345;499
106;480;157;483
134;1;169;33
154;59;167;59
301;99;327;91
601;344;622;339
139;430;166;396
9;441;25;431
470;388;502;380
192;110;203;122
98;249;156;233
282;65;295;39
257;139;306;190
454;418;478;418
575;66;610;71
116;160;164;207
300;104;351;106
309;157;319;188
226;359;239;364
260;138;314;188
519;233;538;222
190;269;215;244
274;0;280;21
161;425;174;422
591;249;596;207
409;66;436;62
405;20;449;18
51;0;105;53
25;68;50;67
90;96;126;129
91;86;118;91
312;365;329;367
192;344;241;293
542;94;555;52
563;477;587;486
488;275;516;262
145;116;154;83
300;398;331;412
598;194;615;185
397;207;411;222
446;368;454;356
607;436;607;342
107;316;115;291
348;326;381;308
542;397;615;409
288;153;305;133
361;191;373;177
575;126;597;132
276;279;310;245
483;74;501;75
472;163;490;180
57;458;88;404
437;166;450;159
123;178;140;260
26;323;28;306
319;479;336;479
68;180;106;171
600;35;619;16
314;467;323;457
551;89;577;41
54;399;70;383
410;67;435;60
293;252;311;242
409;334;419;331
469;354;489;348
576;299;606;332
12;12;38;45
351;110;371;89
218;127;315;218
2;468;29;469
435;236;447;229
322;476;332;475
234;181;382;324
586;96;595;49
305;490;347;491
457;454;483;465
516;442;583;434
272;125;305;123
24;485;26;456
397;304;428;278
50;470;51;486
62;457;91;350
274;185;288;90
557;187;584;166
97;4;107;4
547;454;565;456
396;302;427;274
17;1;29;35
481;353;538;332
85;78;141;73
102;339;116;346
400;175;452;120
287;497;346;497
246;350;283;325
357;117;369;101
157;50;168;58
106;140;123;110
373;298;382;323
100;247;152;224
278;194;299;205
477;157;491;147
538;398;553;400
407;443;414;425
76;333;88;335
269;112;288;112
340;250;379;376
437;391;451;394
142;142;170;133
598;415;606;289
375;4;410;4
457;143;468;153
389;281;427;320
56;201;72;195
158;433;172;418
139;226;146;178
581;343;613;332
72;414;88;416
424;186;445;175
576;119;624;122
261;192;336;136
377;408;391;414
408;65;435;56
87;7;103;10
144;135;167;128
190;343;215;355
553;413;574;433
617;183;617;156
533;431;540;445
479;65;511;64
84;167;89;151
126;401;175;411
42;373;63;377
9;440;11;412
288;275;320;250
193;182;204;155
585;291;612;304
416;405;431;406
17;464;32;465
147;360;170;360
192;287;220;265
22;309;84;326
292;479;319;456
535;116;559;121
106;478;137;479
150;25;163;25
480;68;502;50
147;302;156;283
399;472;431;484
400;257;412;243
192;116;225;65
440;312;457;290
107;341;122;343
300;411;322;405
344;83;399;72
188;340;210;348
379;28;428;22
434;28;450;25
48;322;84;329
351;233;380;188
572;146;607;105
326;250;354;272
397;229;419;201
377;402;398;404
250;381;269;381
272;123;338;100
1;162;24;156
344;397;354;398
516;224;552;135
536;430;622;439
356;68;390;138
221;146;244;98
544;350;613;330
406;358;427;332
526;254;556;239
416;449;425;423
32;330;38;304
488;370;538;335
136;186;212;177
136;37;138;0
3;122;43;156
386;287;423;269
233;192;247;192
574;125;615;110
423;183;445;174
177;371;208;374
587;102;608;100
248;362;276;364
441;46;456;48
53;276;53;290
217;128;245;117
563;243;593;270
294;51;308;50
539;412;559;413
620;151;620;180
588;301;602;289
577;481;591;483
192;27;231;28
570;175;584;164
352;335;425;259
230;122;252;131
524;33;543;5
157;36;172;49
377;411;392;416
466;276;472;263
191;484;201;483
316;252;367;303
377;10;445;8
257;269;278;252
492;94;507;11
17;324;63;332
313;37;328;16
476;409;506;412
609;441;612;369
569;159;611;107
37;1;64;37
183;210;215;373
373;361;420;354
3;271;3;282
351;214;381;196
48;355;66;347
147;151;207;129
424;488;426;476
571;239;622;283
470;351;508;336
407;318;436;304
253;333;264;323
222;434;241;430
265;446;277;456
291;446;323;449
57;422;67;381
594;242;605;246
385;396;397;395
164;308;180;292
2;466;32;468
155;471;191;461
31;262;65;258
468;402;485;402
351;134;362;132
338;252;364;349
293;171;335;141
376;65;455;34
464;458;485;459
149;293;193;221
360;56;392;85
391;131;407;116
491;94;503;16
339;250;355;306
352;215;424;205
409;321;453;306
88;64;142;69
78;350;94;356
309;411;332;406
432;130;484;180
501;456;537;456
550;357;605;342
619;21;619;11
148;306;170;269
512;217;560;266
612;340;612;361
375;290;383;316
274;28;302;204
409;349;427;345
20;2;21;41
481;356;496;352
125;392;156;392
357;69;398;70
574;87;593;75
598;21;609;14
514;385;559;466
43;307;46;412
284;494;345;496
516;162;548;129
443;238;445;147
191;14;199;130
310;416;331;409
547;360;573;354
615;255;615;282
220;348;232;343
114;271;137;176
401;190;413;190
323;432;395;446
477;225;487;219
437;29;450;26
358;64;456;32
151;308;174;289
228;415;257;406
477;64;511;62
587;103;601;71
417;114;438;94
620;425;620;456
379;408;397;402
177;377;206;384
593;251;624;155
497;123;519;121
177;315;209;289
541;155;553;143
309;281;324;295
408;305;437;281
350;328;365;309
297;259;380;342
174;471;187;472
228;423;258;425
48;42;51;2
136;420;172;406
294;177;304;181
574;253;591;247
211;287;214;337
598;11;601;0
460;368;500;352
129;500;141;499
309;371;328;365
485;50;499;48
527;422;536;373
83;433;84;357
406;359;422;356
107;500;107;488
488;309;504;327
402;186;427;220
394;433;433;461
7;497;9;469
200;32;213;31
398;112;435;111
109;126;134;121
112;221;118;200
466;340;473;329
516;445;556;472
266;115;276;111
356;344;381;333
203;239;213;245
21;499;21;480
191;50;206;48
379;82;396;76
471;448;496;457
18;435;19;415
86;75;132;121
516;463;555;460
359;117;377;104
549;368;593;365
135;172;206;146
522;169;546;136
83;134;104;58
36;71;42;2
108;297;139;349
10;98;28;111
608;286;619;297
313;151;334;148
229;111;249;102
579;339;582;313
502;457;545;481
569;417;591;422
485;243;513;209
233;401;242;441
231;170;247;154
218;347;230;352
476;163;491;180
78;354;83;321
361;197;381;197
233;399;265;390
108;487;141;486
316;254;324;303
315;427;326;428
233;166;337;177
483;37;503;38
399;174;411;177
106;144;135;174
571;146;597;88
188;456;204;451
569;152;621;118
13;21;40;68
541;79;553;121
311;26;333;24
599;195;624;203
348;233;382;204
115;486;138;486
181;476;191;476
127;183;158;183
417;484;420;469
229;366;242;358
289;35;318;74
425;71;434;61
225;215;271;201
248;420;266;418
552;391;609;396
483;193;492;183
245;443;265;418
558;432;576;430
108;372;118;364
192;117;210;110
507;176;518;179
1;167;32;164
491;26;509;14
348;79;398;62
341;407;353;412
29;264;59;281
393;101;422;115
291;441;311;438
578;180;613;187
79;391;94;379
510;338;523;351
566;477;582;480
489;329;510;282
138;438;149;431
163;413;174;407
283;40;291;96
347;323;393;369
56;213;79;211
518;403;525;375
130;225;142;168
316;424;328;420
66;4;78;5
150;335;210;288
187;381;218;365
152;330;219;279
536;260;621;224
328;249;341;313
354;115;413;131
585;293;602;288
160;63;167;30
492;30;538;28
622;274;624;226
233;396;266;387
402;146;415;139
181;477;195;478
279;188;306;188
538;410;563;413
532;260;597;233
370;475;390;473
382;417;397;398
239;402;254;398
572;160;584;158
109;102;125;47
144;116;152;84
525;222;560;253
480;365;498;360
518;405;532;420
490;25;506;12
434;493;446;493
3;75;13;74
167;239;178;212
169;230;265;314
122;227;137;174
380;83;394;78
34;71;36;1
399;151;467;121
489;255;498;228
91;108;118;113
189;386;205;386
54;489;56;472
414;321;439;287
145;144;169;120
578;63;593;52
232;401;265;393
547;323;624;311
473;179;489;160
530;146;565;75
291;481;312;480
163;153;291;168
118;226;122;188
345;396;357;397
514;453;543;464
457;446;480;470
454;175;465;164
541;110;554;104
40;1;44;42
379;480;397;451
477;155;485;145
219;381;238;368
157;342;199;304
248;418;258;411
161;243;223;268
304;180;312;237
302;45;334;149
164;240;189;235
65;437;77;435
30;27;108;28
483;259;518;209
155;70;170;49
488;278;519;144
407;13;441;13
24;122;25;150
461;159;471;151
124;391;152;371
378;23;398;74
429;132;449;120
557;391;580;391
235;395;265;385
128;400;158;395
45;408;89;415
519;230;553;135
138;429;149;430
47;307;66;318
402;192;412;182
62;206;79;151
62;446;81;441
471;389;499;399
378;401;397;396
141;141;168;131
552;356;573;348
45;282;49;272
400;259;413;246
197;72;249;104
388;27;442;22
184;337;240;283
416;450;432;450
294;484;328;485
290;442;326;459
475;259;540;304
472;465;496;401
457;438;473;435
375;6;424;6
371;476;421;406
19;209;19;93
483;263;506;252
464;371;499;360
157;455;203;440
299;296;310;286
266;1;286;27
350;75;364;129
413;156;426;159
156;453;187;440
89;194;113;187
582;78;604;69
187;183;203;140
398;108;409;112
182;180;191;161
394;229;421;207
544;423;556;425
519;325;532;322
574;124;618;132
451;95;467;116
407;247;425;265
85;109;106;113
486;416;506;414
162;369;179;358
80;186;97;158
583;377;616;378
426;49;438;50
214;65;225;75
345;452;424;438
368;470;420;466
226;356;241;355
293;456;315;462
299;400;328;363
192;4;228;39
55;51;57;21
121;288;137;332
149;303;174;286
170;458;205;446
125;89;135;45
17;327;60;307
492;356;509;356
110;337;136;337
610;446;617;468
83;77;125;86
138;426;152;418
246;235;313;231
386;213;425;207
489;310;534;346
252;241;272;290
278;197;304;189
540;490;553;490
568;208;579;211
514;484;549;484
192;15;221;15
139;48;145;61
203;3;207;120
274;115;290;110
497;446;554;466
519;480;531;480
455;428;471;447
210;133;244;121
45;353;65;346
144;132;156;83
52;387;70;385
580;91;607;74
258;185;329;187
375;281;386;268
374;289;382;278
190;389;208;378
219;346;238;331
3;182;3;107
305;18;333;20
103;122;128;115
520;16;543;2
512;492;524;492
499;307;532;308
597;290;622;322
385;284;400;265
597;193;621;175
545;354;580;389
456;435;485;429
499;214;513;205
567;44;578;45
401;192;448;226
354;342;383;318
288;187;300;178
405;193;415;185
608;436;609;401
575;125;581;113
505;180;515;183
362;180;376;169
325;141;335;135
591;306;607;330
533;40;533;24
399;304;444;296
121;420;155;408
569;312;591;351
501;268;515;261
293;494;327;494
454;176;484;207
191;26;208;46
102;243;107;278
231;360;242;360
381;389;393;390
152;308;166;282
448;55;454;30
523;32;545;10
193;113;213;118
585;396;599;449
46;423;94;380
223;171;248;169
516;397;522;376
568;241;591;261
106;296;121;382
229;123;304;198
435;157;476;139
188;311;214;372
423;72;433;71
497;121;510;105
6;271;6;283
108;488;152;488
599;94;612;75
13;45;46;55
176;374;209;350
167;315;197;293
418;170;470;198
525;378;596;452
576;137;591;123
189;98;210;104
280;208;305;193
375;278;409;236
529;40;538;0
602;28;618;11
529;179;560;158
319;147;333;189
543;60;570;64
351;333;409;269
115;477;138;478
274;36;295;0
257;153;298;150
470;376;482;373
601;424;605;436
251;318;268;306
597;190;623;164
89;174;95;151
234;390;275;360
455;175;492;167
603;349;622;344
45;407;65;373
611;198;624;198
399;46;429;48
614;168;624;161
570;156;623;120
381;257;424;206
333;302;362;329
182;258;211;246
487;42;512;18
66;177;94;196
198;28;204;128
583;343;600;337
232;321;232;286
159;256;182;242
206;1;216;4
365;464;391;460
494;377;509;374
26;357;78;319
439;354;450;351
285;84;294;37
371;360;392;352
254;274;283;252
306;382;325;362
233;147;268;142
336;300;355;292
131;389;176;346
439;203;484;201
254;277;283;253
159;34;169;39
156;42;168;46
396;298;441;289
89;100;122;107
345;461;355;463
166;150;200;139
25;75;39;158
576;255;593;272
223;131;234;134
494;282;558;258
182;369;209;349
40;390;63;371
1;472;31;466
53;307;85;326
105;336;119;345
469;359;482;370
0;371;7;356
39;302;42;352
1;497;25;480
278;138;323;167
1;211;25;205
373;345;400;362
86;151;98;162
567;428;617;421
438;395;449;390
424;187;444;173
1;475;30;469
375;461;395;458
411;68;435;68
62;40;66;2
569;173;572;159
78;40;102;38
372;51;401;58
579;122;607;102
394;438;421;433
524;196;549;181
67;175;94;152
280;71;292;71
328;99;336;112
195;403;206;399
496;297;518;313
193;110;213;116
508;135;518;129
229;372;265;386
123;424;142;408
216;164;248;190
98;252;174;245
397;147;450;158
107;147;122;113
494;376;506;374
166;65;169;37
268;243;321;201
46;425;85;401
379;405;393;391
127;394;175;366
469;390;503;382
33;258;64;271
517;331;533;327
440;500;443;490
584;157;606;67
117;62;166;60
538;64;560;49
595;87;611;85
222;435;247;443
544;417;558;417
480;200;491;148
362;194;372;183
424;71;435;59
306;383;316;380
580;347;605;341
548;426;595;421
64;456;90;404
560;320;577;341
517;500;527;437
357;225;383;200
498;197;510;189
380;136;460;155
299;105;333;122
23;151;24;195
191;29;231;29
488;251;513;266
12;17;22;17
1;195;25;217
533;429;560;431
148;262;159;247
338;308;358;295
243;268;314;218
199;69;232;68
194;126;199;182
428;190;446;175
345;454;397;449
603;72;606;132
131;388;172;343
155;308;165;288
239;293;241;283
437;374;448;408
20;85;34;87
416;108;439;97
565;407;596;403
67;176;75;211
240;215;267;192
281;119;303;132
504;459;537;457
137;281;263;301
572;145;587;135
225;79;245;101
378;405;387;388
351;338;384;336
437;43;456;43
315;150;325;156
225;211;272;190
279;48;295;67
472;346;507;336
158;282;210;251
512;493;523;498
477;381;488;383
50;417;86;395
267;168;305;155
469;404;486;415
368;48;386;49
112;145;127;113
600;37;614;12
422;71;448;27
159;129;163;93
251;373;270;379
389;132;419;127
298;101;362;105
45;259;51;233
191;342;246;332
192;45;204;56
378;34;388;36
271;122;300;131
397;167;413;189
539;365;552;379
588;303;618;293
228;419;276;360
165;172;170;143
45;2;88;27
533;433;574;442
4;498;22;488
191;338;231;346
525;180;537;221
491;21;510;14
522;244;541;235
476;446;495;400
370;378;399;363
574;262;601;257
16;455;27;456
459;454;482;458
487;274;509;260
365;167;379;161
380;252;454;321
374;373;398;362
195;404;216;387
390;304;423;268
340;405;354;411
70;171;96;166
503;208;539;245
580;90;600;64
163;66;165;44
17;477;18;500
127;416;129;428
365;108;378;104
2;485;25;481
522;285;536;219
546;102;597;58
347;143;381;114
122;224;134;172
72;29;103;57
237;346;269;308
153;63;169;62
115;164;119;178
249;369;270;374
53;305;84;324
215;162;246;100
488;89;502;78
192;366;204;381
399;228;425;206
318;250;350;285
140;286;187;216
363;172;385;139
484;51;506;54
14;27;109;25
389;282;406;271
280;212;326;269
601;431;624;428
249;386;266;389
482;231;500;222
457;300;459;289
257;126;336;181
604;421;606;365
130;186;145;195
581;317;589;327
115;136;118;100
29;265;55;276
242;262;286;289
22;364;22;379
598;206;621;199
468;341;494;336
315;275;341;250
340;446;376;438
123;150;129;178
544;81;576;41
55;411;73;393
271;124;300;143
219;129;271;183
233;389;259;370
116;237;184;270
119;290;138;350
258;282;267;263
375;279;384;313
130;410;152;417
216;154;249;181
351;340;368;338
190;428;205;425
473;208;513;302
521;16;543;16
86;65;102;63
535;120;557;107
549;364;571;359
198;53;202;130
309;176;338;179
516;485;529;487
588;393;595;415
505;132;517;122
288;473;330;465
49;89;50;73
471;405;510;366
192;11;220;13
369;355;379;353
212;388;229;375
344;84;354;114
457;439;480;463
265;458;273;444
185;69;221;91
160;433;176;423
196;416;206;406
196;16;219;17
152;271;193;242
396;260;415;184
347;461;359;459
255;253;304;200
542;164;557;168
235;285;267;314
420;141;444;170
248;460;272;443
163;438;185;437
245;441;257;438
512;167;553;140
586;308;608;294
495;26;540;23
86;63;102;62
223;73;238;80
194;45;207;45
608;288;618;298
65;420;87;403
134;480;136;444
397;164;408;150
523;448;538;451
12;222;16;142
410;426;424;428
465;373;483;377
159;84;164;107
486;82;500;67
582;238;592;276
458;419;490;427
611;463;612;395
402;191;416;209
449;132;463;125
507;464;551;472
182;489;193;479
544;346;572;345
233;103;244;97
519;13;544;13
64;417;86;420
613;170;615;211
351;387;372;382
523;390;565;396
78;351;90;351
525;315;536;289
399;117;416;134
3;381;4;355
248;233;260;226
553;88;573;72
551;244;605;249
103;78;125;84
117;138;121;104
191;49;212;65
152;489;202;423
348;226;381;203
427;190;444;176
98;263;101;244
3;87;32;81
258;141;268;140
171;227;191;243
62;443;81;440
591;484;594;495
91;85;109;10
607;133;622;111
544;100;558;91
312;75;326;93
128;357;138;352
571;63;593;44
27;318;34;305
480;270;483;258
233;177;271;180
89;272;137;229
303;396;316;381
85;378;87;391
192;242;249;318
498;124;512;111
181;179;200;140
271;162;293;159
107;324;117;317
540;365;553;379
410;332;443;293
500;192;517;180
621;426;621;457
130;47;161;67
246;416;258;414
274;39;298;2
194;117;224;148
502;109;519;118
531;424;601;415
314;22;342;50
567;196;573;176
365;347;378;345
128;271;166;257
120;167;162;209
125;378;152;375
564;52;579;49
54;283;54;244
342;281;353;273
524;188;558;166
465;371;481;368
467;373;481;371
412;311;429;316
425;189;444;172
491;29;509;15
583;344;602;337
454;177;483;209
565;400;590;396
469;355;511;337
70;328;84;330
284;292;303;278
297;436;313;443
542;98;548;84
550;403;606;400
567;318;611;369
586;309;624;351
434;494;447;495
512;154;525;163
308;23;320;13
359;427;392;470
401;114;429;178
205;338;318;225
133;445;145;434
80;443;82;429
153;159;206;154
187;324;202;312
15;183;35;177
46;283;58;287
544;462;557;466
28;131;28;98
521;281;532;276
89;182;135;176
408;175;425;160
544;164;560;154
189;168;201;166
95;99;99;86
230;316;230;286
230;163;266;156
34;22;40;42
192;106;236;81
358;70;368;79
164;326;196;304
450;369;456;359
169;152;197;149
313;398;330;393
246;415;258;413
187;397;203;394
181;475;197;463
328;45;338;45
456;120;473;143
495;322;536;310
477;384;499;379
99;250;104;276
315;264;327;249
516;385;531;399
438;193;490;161
10;443;23;438
544;441;580;436
278;127;305;134
152;351;200;362
255;234;295;200
598;0;600;29
222;431;265;388
313;13;315;37
483;238;536;213
448;370;451;355
163;245;243;303
127;406;142;399
583;382;585;336
164;334;175;337
455;430;479;435
64;330;85;334
233;350;268;323
352;73;372;79
309;373;322;362
585;125;607;103
526;416;536;416
276;27;290;72
405;305;436;280
503;453;523;453
513;394;525;406
2;497;19;496
122;380;163;386
105;314;128;302
135;497;154;484
468;203;493;173
559;50;586;52
180;73;241;90
21;465;23;451
253;251;310;214
423;222;468;187
131;26;141;0
524;35;537;32
475;283;505;256
179;375;201;380
124;234;149;213
389;219;405;204
617;282;617;244
529;471;552;475
223;157;319;108
46;197;80;180
47;423;86;397
440;362;443;348
412;478;446;497
452;193;491;162
181;478;198;479
220;377;230;371
165;482;175;459
342;442;362;439
544;348;567;338
598;25;621;18
405;426;424;429
109;348;135;330
216;372;237;377
22;44;24;6
80;121;86;138
499;265;506;246
310;294;346;263
25;185;29;162
604;42;620;14
279;20;289;21
312;24;321;13
286;499;309;472
79;389;89;391
158;468;180;467
585;296;622;319
194;411;207;404
364;172;411;250
540;80;593;86
403;305;431;277
343;317;357;296
415;477;427;480
155;448;200;438
148;98;167;120
560;348;576;419
506;32;518;25
590;152;603;111
182;448;214;437
557;330;598;326
496;301;517;287
413;154;435;147
179;324;231;380
500;268;512;259
345;107;446;9
470;407;492;421
458;455;482;466
17;4;20;62
436;379;451;396
153;84;160;147
232;174;297;179
349;440;358;452
128;274;183;301
419;26;448;23
451;134;468;152
126;243;170;273
37;352;40;340
2;499;30;471
257;359;275;366
550;101;575;81
512;490;525;490
517;479;547;480
547;352;573;353
376;407;388;423
392;42;432;41
452;317;457;288
249;422;266;419
73;314;83;320
8;202;8;222
391;278;407;267
488;335;503;333
168;178;200;168
370;43;384;42
109;278;109;260
160;310;188;283
349;321;373;308
546;274;560;260
392;40;423;40
546;329;549;317
227;364;237;364
246;417;261;416
425;188;487;193
476;224;491;161
352;308;378;295
219;431;241;434
255;160;279;240
452;131;488;148
318;151;330;185
14;44;52;82
365;198;375;216
294;451;332;473
359;119;372;125
564;478;590;481
140;366;148;410
365;349;382;337
369;352;380;347
247;291;268;313
151;155;189;144
89;432;90;422
8;61;27;59
200;244;223;270
159;31;169;34
613;355;624;353
278;58;310;58
87;68;115;74
344;410;363;385
417;171;459;204
55;483;55;499
541;188;554;175
519;405;545;410
268;21;280;24
134;446;139;470
424;308;442;291
185;181;216;130
347;230;363;227
255;447;270;456
554;442;584;440
106;146;129;169
256;253;307;207
270;146;302;142
172;480;198;481
191;38;208;40
237;123;275;132
135;72;136;59
394;434;424;431
234;227;261;213
461;370;490;358
283;1;298;0
117;364;117;388
311;156;325;191
46;278;53;260
123;90;141;68
75;21;90;22
585;268;599;260
438;236;448;229
200;73;248;101
107;329;133;336
42;399;73;404
155;474;170;475
226;360;262;344
245;316;264;298
74;143;85;173
226;212;270;201
50;28;51;47
551;450;565;455
62;448;76;444
48;0;102;52
151;294;165;286
517;445;561;438
393;55;417;60
75;6;78;31
496;120;513;120
506;127;518;120
575;491;599;491
155;90;169;118
583;353;586;312
51;234;70;253
417;453;433;452
595;428;617;428
296;431;346;493
136;418;164;396
375;56;420;63
352;334;377;307
213;158;250;128
183;323;269;295
343;312;365;295
490;317;538;312
253;331;264;322
148;293;164;284
168;250;207;281
66;157;68;169
281;163;302;155
587;452;599;451
69;330;84;333
596;186;623;172
12;15;19;31
489;266;511;257
522;198;563;176
607;128;619;120
570;432;618;435
408;347;430;342
84;432;86;406
430;123;450;119
581;389;594;388
439;408;443;382
113;367;152;364
7;220;26;210
128;497;152;495
449;302;455;290
55;392;62;365
547;234;591;275
35;69;35;49
399;273;425;260
166;154;196;185
189;466;207;453
318;148;331;147
80;26;108;27
193;275;213;262
195;468;205;457
427;189;456;208
255;259;288;287
162;451;186;427
105;491;151;489
0;282;0;272
156;70;165;30
380;405;396;398
526;345;526;324
536;122;558;114
545;254;552;275
520;211;532;208
26;430;27;416
4;499;19;499
224;348;243;329
179;229;192;222
191;395;206;385
102;307;104;296
45;52;46;89
234;146;260;124
118;269;120;248
290;278;300;275
283;213;294;207
539;68;560;71
333;54;345;42
395;430;433;446
346;143;362;134
230;411;256;411
147;267;167;260
489;254;505;242
55;277;63;242
37;388;62;369
450;143;488;156
245;301;272;275
348;225;380;192
566;62;597;60
599;194;621;177
253;236;297;212
618;286;618;263
47;321;51;308
212;66;213;104
222;347;240;330
133;65;136;45
65;260;68;249
553;450;570;454
31;362;31;345
93;126;123;50
189;57;206;2
400;216;409;202
216;483;227;484
231;105;245;98
342;293;351;304
475;61;503;51
372;368;392;354
379;21;396;22
255;445;272;448
449;201;491;168
400;176;445;131
293;170;307;156
488;92;504;81
251;364;268;366
522;37;536;33
551;367;566;364
169;145;210;130
57;456;80;451
106;315;110;293
140;76;141;50
542;183;559;160
284;169;304;158
490;255;498;232
349;80;371;88
230;116;240;86
111;278;112;243
31;123;38;157
494;286;515;265
487;87;495;25
293;438;327;422
306;481;332;482
534;236;556;243
260;453;274;444
218;381;238;367
159;430;178;423
496;300;514;262
47;257;51;235
107;325;135;334
219;380;229;382
309;293;335;259
282;206;325;168
487;246;497;225
375;376;378;304
549;276;558;245
441;365;450;354
238;230;268;216
437;429;440;414
190;387;205;397
525;169;535;150
496;121;512;110
431;461;434;447
109;373;141;375
131;391;153;376
490;230;534;216
438;192;448;184
354;211;369;223
144;242;165;260
550;447;597;444
425;234;448;227
190;398;202;396
474;394;494;398
609;455;624;454
208;296;227;282
398;280;421;265
398;170;439;127
186;430;205;427
217;486;227;486
546;375;567;368
144;168;181;153
457;141;469;133
211;479;221;480
498;114;512;108
279;35;296;67
579;474;589;480
358;59;394;66
153;341;178;349
33;31;47;34
316;407;331;404
477;365;488;360
529;143;554;108
376;460;421;471
499;448;502;436
156;477;172;478
479;68;504;68
110;352;110;342
121;207;149;236
582;113;622;116
436;426;445;386
299;100;318;95
279;291;295;280
367;455;372;434
255;141;305;122
172;261;193;229
539;472;551;477
378;215;389;206
11;113;11;133
255;446;275;450
410;308;431;278
399;471;427;478
446;200;483;172
185;296;219;272
176;362;224;337
570;188;603;178
232;120;244;117
584;310;592;350
229;203;249;194
124;388;167;347
575;264;598;260
207;80;213;66
146;146;154;106
362;54;395;76
133;184;151;184
595;315;612;307
6;152;6;110
25;381;26;365
465;372;480;369
77;438;83;400
387;268;422;247
175;354;184;344
308;72;321;89
292;35;321;83
188;395;203;385
88;414;89;404
302;486;325;487
593;219;612;227
280;80;291;84
258;232;296;210
192;431;207;429
569;153;592;149
593;214;623;199
523;422;537;421
475;63;497;58
136;68;139;51
405;415;422;421
300;109;330;99
500;191;534;223
571;158;592;144
59;408;86;393
399;143;414;142
559;336;581;326
1;474;1;459
277;214;306;196
380;17;397;17
438;204;460;204
274;37;286;55
498;299;519;319
337;441;363;443
32;329;34;306
167;272;212;238
298;106;321;96
100;262;146;211
161;375;201;329
414;210;435;237
360;200;379;213
101;304;126;304
23;381;24;365
375;302;393;292
349;143;362;138
552;84;574;36
568;257;608;242
305;379;317;383
303;255;316;276
16;40;55;39
407;366;422;361
286;498;321;448
301;214;310;271
340;447;354;433
566;481;601;486
412;338;427;333
514;33;528;20
128;15;133;2
227;443;257;435
189;179;210;169
90;358;91;389
279;140;303;137
19;38;65;36
150;157;189;151
8;57;19;58
320;106;343;95
484;242;489;221
609;13;609;37
248;353;267;328
514;340;554;323
279;75;288;62
86;45;86;62
67;165;73;145
454;135;466;117
159;208;165;180
513;314;528;309
83;136;92;109
261;188;302;160
410;63;452;31
94;280;94;265
347;141;381;113
569;199;584;179
173;236;236;293
59;219;65;209
186;351;199;351
156;465;182;463
6;218;26;209
592;128;620;110
590;83;601;81
455;176;483;204
372;153;382;155
505;123;516;115
501;455;518;455
152;352;179;335
407;38;440;39
526;182;547;192
314;401;325;403
45;412;68;390
585;50;592;37
551;399;566;398
518;398;529;397
144;178;158;176
134;37;145;1
523;315;538;311
282;293;309;269
16;441;16;423
291;451;310;478
47;198;49;184
191;380;202;370
410;448;422;436
526;251;548;276
153;317;208;343
102;193;106;170
440;417;450;391
205;289;233;319
334;304;346;285
103;77;137;83
598;364;610;385
137;280;150;245
194;106;240;82
310;202;337;178
459;162;490;190
145;389;161;382
336;428;341;448
317;308;350;266
392;47;418;49
147;12;161;22
87;193;97;154
176;380;200;365
309;375;320;372
477;67;496;47
200;25;231;26
395;273;432;309
518;449;538;448
108;326;130;309
570;488;590;488
91;82;99;35
343;315;367;304
440;359;448;349
506;132;517;127
221;152;246;162
569;191;574;213
398;166;404;176
515;33;543;23
520;398;530;398
515;385;530;400
578;255;595;261
155;54;171;52
131;24;133;3
360;226;385;203
494;268;521;286
249;368;263;356
598;73;608;69
349;394;371;389
236;283;252;305
605;427;618;425
568;215;578;207
519;468;529;473
378;415;390;423
425;185;444;167
146;290;150;269
87;175;101;171
421;147;436;136
534;118;553;102
138;448;151;439
371;448;382;447
173;365;240;285
557;412;599;411
132;358;139;347
156;308;176;295
12;490;23;483
53;392;53;372
52;186;53;196
547;247;568;242
409;65;436;51
51;352;65;342
263;6;298;4
310;296;348;265
385;261;409;232
113;222;163;204
293;479;309;477
153;482;165;483
471;201;493;175
342;314;365;296
96;185;118;182
62;38;62;14
17;376;27;376
123;288;135;320
70;170;80;179
136;265;216;261
406;31;424;29
612;47;617;34
315;370;327;367
380;408;394;407
525;392;556;390
121;376;136;378
543;355;572;347
107;321;127;306
242;177;274;159
361;186;407;102
42;157;42;146
356;64;394;85
90;94;116;98
348;452;359;451
141;57;168;57
512;346;525;333
373;368;384;353
256;321;269;309
165;175;182;132
44;33;47;0
503;196;511;168
224;169;236;156
546;195;562;180
479;54;490;89
457;429;483;434
429;15;449;14
84;177;90;152
155;451;166;448
602;0;604;40
11;191;15;71
414;464;427;477
168;461;209;456
495;325;521;322
365;467;387;476
320;275;344;255
227;385;237;382
303;402;327;400
471;346;493;339
60;457;78;455
520;1;530;40
433;236;446;228
539;70;574;73
553;396;570;394
184;435;202;434
307;256;382;326
221;166;246;141
315;185;327;173
602;397;605;338
181;296;223;317
486;83;501;86
616;211;616;199
412;147;434;151
447;146;474;138
415;263;452;327
541;156;550;137
407;349;427;328
151;338;172;341
518;3;543;0
619;353;619;340
99;264;120;263
355;433;370;437
368;335;383;321
20;377;31;369
238;124;280;135
53;306;54;354
534;434;548;433
174;217;189;232
394;237;409;291
612;171;612;181
549;404;563;403
112;196;113;182
517;31;537;2
382;392;392;391
416;452;434;457
174;419;178;432
418;484;430;484
277;55;306;51
37;23;39;34
99;253;125;246
252;270;280;247
328;492;347;492
505;461;535;460
518;440;532;455
542;100;572;36
416;464;427;476
71;165;98;163
5;369;5;381
16;465;28;466
192;274;205;269
510;302;524;311
590;455;594;418
38;70;39;54
501;122;512;112
490;47;508;28
600;95;601;124
77;428;82;405
521;167;548;132
359;203;373;217
281;200;310;177
246;302;262;285
457;145;471;147
426;142;446;163
355;390;366;386
79;354;93;353
408;353;428;348
351;112;369;94
226;209;245;234
566;432;566;420
568;303;584;322
352;141;362;137
217;345;253;352
585;263;602;253
192;7;221;10
238;231;272;203
112;328;112;292
156;204;213;113
376;258;423;206
415;435;426;418
123;188;124;202
472;196;474;185
488;321;500;302
182;438;201;435
539;26;544;6
322;402;332;394
367;352;385;349
30;325;31;306
564;59;597;61
89;180;103;173
193;276;214;259
142;500;153;496
185;455;189;467
141;39;144;2
84;190;134;202
194;272;211;257
472;400;500;401
296;260;310;251
602;207;614;210
391;240;398;262
176;482;186;475
404;416;426;416
2;494;10;469
282;43;306;47
320;35;332;16
378;458;389;456
569;198;586;184
520;208;534;200
600;355;622;351
202;281;222;266
362;186;373;184
541;120;558;86
106;492;150;490
278;30;304;57
44;77;45;87
74;335;82;322
179;133;205;145
558;332;572;329
103;277;122;259
568;158;594;142
402;151;411;140
409;128;418;140
579;118;623;119
509;499;523;499
358;122;376;108
542;355;581;341
186;90;217;97
148;6;159;32
153;160;168;113
40;259;40;274
205;73;235;72
480;356;502;349
5;481;26;480
445;368;459;362
556;325;594;292
244;219;271;192
566;57;576;40
488;266;502;255
298;292;305;281
535;464;559;469
470;342;474;332
210;287;228;312
160;348;216;358
293;451;328;462
288;498;345;498
81;170;82;155
420;149;432;137
357;62;369;77
291;243;314;219
550;159;560;151
42;372;60;340
145;211;150;164
268;298;277;218
163;436;176;429
43;42;47;16
435;423;449;409
220;170;247;142
559;329;603;316
407;55;427;60
285;491;317;493
403;10;431;10
416;113;440;113
398;160;416;164
425;298;439;290
490;28;508;15
523;226;535;220
111;305;120;290
408;320;441;290
290;287;301;277
317;311;322;298
28;162;29;177
217;139;229;127
356;387;371;392
454;181;479;167
177;482;200;483
489;94;499;85
230;63;240;123
472;265;484;259
36;274;39;256
427;71;435;61
248;421;264;416
410;345;430;339
256;248;315;202
131;403;142;391
79;24;81;11
337;430;356;459
199;358;209;354
218;488;231;488
63;445;80;439
32;149;33;126
511;295;534;278
173;355;202;358
188;184;203;141
509;347;536;341
394;99;442;118
115;248;142;241
487;46;512;19
130;27;132;9
395;428;410;443
163;338;203;325
257;226;260;211
415;199;449;244
148;366;161;396
355;384;368;384
153;348;180;355
134;2;147;7
585;93;602;87
526;252;544;243
607;266;624;260
494;288;521;313
443;310;462;296
316;416;326;414
580;153;592;145
64;256;65;245
488;320;523;310
539;93;579;59
104;277;120;268
154;346;186;345
525;419;538;427
54;382;70;386
228;444;257;436
149;395;163;387
134;445;151;436
401;0;413;0
56;237;56;270
150;151;158;88
299;159;334;185
301;407;312;406
308;12;332;26
90;280;93;265
248;317;261;314
147;213;164;146
369;45;381;39
20;76;21;95
12;431;13;443
394;304;429;274
