12 1183   17 1183    0 1179   12 1183
89 1181   90 1183   88 1179   89 1181   84 1180   88 1179   81 1180   84 1180   78 1181   81 1180   76 1182   78 1181   65 1172   76 1182
253 1180  262 1183  251 1178  253 1180  249 1176  251 1178  246 1174  249 1176  243 1172  246 1174  239 1171  243 1172  235 1170  239 1171  225 1170  235 1170  223 1172  225 1170  218 1174  223 1172  208 1173  218 1174
287 1183  279 1183
291 1181  302 1183
341 1183  325 1183
376 1183  379 1183  373 1183  376 1183  362 1177  373 1183  358 1174  362 1177  345 1170  358 1174  332 1163  345 1170  319 1159  332 1163  311 1157  319 1159  307 1154  311 1157  286 1144  307 1154  279 1140  286 1144  235 1122  279 1140  225 1118  235 1122  220 1118  225 1118
698 1183  691 1183
732 1181  733 1183  731 1179  732 1181  729 1177  731 1179  726 1175  729 1177  718 1172  726 1175  715 1173  718 1172  701 1168  715 1173  691 1167  701 1168
854 1183  857 1183  850 1180  854 1183  837 1176  850 1180  831 1175  837 1176  823 1170  831 1175  819 1167  823 1170  811 1165  819 1167  803 1160  811 1165  797 1156  803 1160  795 1154  797 1156  774 1145  795 1154  756 1140  774 1145  750 1139  756 1140  744 1138  750 1139  725 1128  744 1138
1045 1183 1048 1183 1041 1179 1045 1183 1035 1177 1041 1179
1093 1178 1090 1183
634 1183  635 1182  631 1183  634 1183  626 1179  631 1183
465 1181  466 1180  454 1175  465 1181  451 1173  454 1175  439 1171  451 1173
769 1176  776 1180  766 1176  769 1176
1023 1181 1024 1180 1021 1175 1023 1181 1022 1174 1021 1175
441 1178  447 1179
578 1178  556 1179
591 1178  585 1178  597 1177  591 1178  599 1175  597 1177
523 1176  531 1177  507 1169  523 1176  506 1170  507 1169  497 1167  506 1170
619 1175  623 1177  601 1173  619 1175
764 1176  745 1176
889 1174  907 1176
992 1168 1007 1176
297 1169  313 1175
591 1169  599 1173
194 1171  201 1172  186 1166  194 1171  178 1162  186 1166  165 1159  178 1162
570 1169  579 1172  569 1170  570 1169  555 1167  569 1170
871 1170  876 1171
413 1170  408 1170
1060 1166 1061 1170 1058 1163 1060 1166 1056 1163 1058 1163
1072 1166 1080 1170
1091 1165 1082 1170
550 1168  553 1167  543 1165  550 1168  539 1163  543 1165  538 1164  539 1163  533 1165  538 1164  525 1164  533 1165  512 1159  525 1164
286 1162  293 1166  278 1158  286 1162  263 1152  278 1158  257 1149  263 1152  255 1147  257 1149  240 1146  255 1147
678 1162  672 1166
680 1162  688 1165
13 1163    7 1164
21 1164   15 1164
2 1163    4 1163    0 1159    2 1163
717 1161  718 1163  714 1158  717 1161  711 1158  714 1158  701 1154  711 1158  698 1151  701 1154
49 1158   49 1162   47 1156   49 1158
1026 1160 1032 1162 1025 1158 1026 1160
501 1159  510 1160
673 1157  678 1160
146 1156  150 1158  138 1157  146 1156
395 1153  411 1158  386 1148  395 1153
509 1156  510 1158  507 1154  509 1156  503 1154  507 1154
33 1151   38 1157
129 1153  136 1157
663 1152  671 1156
1002 1154 1008 1155 1001 1152 1002 1154
489 1152  491 1154  487 1150  489 1152  481 1151  487 1150  471 1151  481 1151  467 1149  471 1151  455 1148  467 1149
979 1153  985 1154
1077 1152 1082 1154
53 1146   57 1152   51 1139   53 1146
656 1153  661 1152  651 1154  656 1153  644 1154  651 1154  639 1154  644 1154  635 1154  639 1154  625 1149  635 1154
910 1153  912 1152  907 1153  910 1153  903 1152  907 1153  897 1149  903 1152  892 1144  897 1149
1025 1150 1028 1152 1019 1151 1025 1150
709 1149  710 1151  705 1145  709 1149  696 1138  705 1145  677 1125  696 1138  659 1116  677 1125  655 1115  659 1116  651 1114  655 1115  626 1095  651 1114
661 1148  662 1150  660 1146  661 1148  658 1144  660 1146  657 1145  658 1144  642 1139  657 1145
1069 1149 1074 1150
1078 1147 1077 1149 1078 1144 1078 1147 1076 1142 1078 1144
196 1144  202 1148  180 1138  196 1144
609 1142  622 1147  592 1139  609 1142
26 1142   30 1146   26 1140   26 1142
376 1142  382 1145  367 1141  376 1142  359 1140  367 1141  347 1135  359 1140  346 1136  347 1135  342 1133  346 1136  335 1131  342 1133  334 1132  335 1131
676 1137  686 1144  673 1135  676 1137  670 1132  673 1135  669 1128  670 1132
443 1140  445 1142  441 1141  443 1140  440 1142  441 1141  438 1143  440 1142  436 1144  438 1143  432 1141  436 1144  429 1139  432 1141  424 1139  429 1139
36 1135   44 1141
82 1136   89 1140   80 1133   82 1136
105 1135  111 1140
583 1139  589 1140
881 1138  884 1140  866 1136  881 1138  862 1134  866 1136
639 1136  640 1138  615 1127  639 1136  610 1127  615 1127  590 1120  610 1127
586 1134  589 1137  580 1132  586 1134
769 1124  786 1137
14 1132   17 1136    4 1127   14 1132
92 1135   91 1136   88 1127   92 1135
416 1134  417 1136  414 1132  416 1134  405 1130  414 1132
127 1133  128 1135  118 1127  127 1133  117 1125  118 1127  111 1125  117 1125
923 1135  927 1135  919 1135  923 1135  909 1133  919 1135  895 1127  909 1133  887 1123  895 1127  883 1120  887 1123  874 1119  883 1120  848 1113  874 1119  845 1113  848 1113  839 1109  845 1113
96 1133  102 1134
565 1132  572 1134  554 1132  565 1132
954 1133  949 1133
1040 1129 1045 1133
105 1127  105 1132
1065 1127 1068 1132
395 1131  403 1131
377 1127  387 1129  365 1122  377 1127
477 1127  485 1129
536 1130  539 1129  535 1131  536 1130  534 1132  535 1131  524 1127  534 1132
553 1128  544 1128
856 1128  850 1128
1050 1127 1052 1128 1051 1124 1050 1127
0 1125    2 1127    0 1122    0 1125
517 1126  522 1127
1091 1122 1091 1127 1088 1114 1091 1122
663 1127  666 1126  654 1124  663 1127  651 1124  654 1124  647 1123  651 1124  642 1121  647 1123  637 1119  642 1121  632 1116  637 1119  624 1107  632 1116
1063 1126 1058 1126
1020 1124 1037 1125
313 1123  321 1124
1014 1123 1007 1123
212 1122  211 1121  218 1119  212 1122
1049 1119 1051 1121 1043 1117 1049 1119 1042 1118 1043 1117
1060 1119 1054 1121
192 1121  193 1120  172 1116  192 1121  170 1117  172 1116
200 1120  195 1120
586 1117  588 1119  578 1114  586 1117  568 1113  578 1114
516 1116  511 1118
208 1114  218 1117  203 1113  208 1114  197 1108  203 1113
91 1114   92 1116   86 1114   91 1114
274 1114  280 1116  265 1114  274 1114
694 1112  709 1115
562 1111  566 1113  555 1111  562 1111
1086 1113 1073 1113
1095 1108 1101 1112
74 1112   75 1111   72 1112   74 1112   65 1105   72 1112   65 1103   65 1105
339 1108  347 1111  337 1109  339 1108
514 1109  514 1111  512 1107  514 1109  508 1109  512 1107  506 1108  508 1109  498 1111  506 1108  496 1110  498 1111
473 1108  471 1110  479 1111  473 1108  480 1110  479 1111
976 1111  977 1110  972 1109  976 1111
82 1101   86 1109
467 1107  468 1109  465 1105  467 1107  458 1106  465 1105  452 1106  458 1106  447 1106  452 1106  446 1107  447 1106  426 1100  446 1107
332 1109  334 1108  310 1106  332 1109
535 1106  542 1107  534 1107  535 1106  530 1107  534 1107  522 1102  530 1107  520 1100  522 1102  518 1098  520 1100  516 1096  518 1098  515 1094  516 1096  514 1092  515 1094  499 1092  514 1092  490 1090  499 1092
837 1104  838 1107  832 1101  837 1104
1060 1105 1060 1107 1058 1101 1060 1105 1055 1096 1058 1101 1049 1093 1055 1096
298 1105  308 1106  289 1101  298 1105  286 1099  289 1101  279 1100  286 1099  273 1098  279 1100
412 1099  419 1102
32 1097   38 1101   24 1095   32 1097
598 1100  609 1101  577 1094  598 1100
906 1102  905 1101  910 1100  906 1102
106 1095  111 1100
825 1098  829 1100  822 1096  825 1098  811 1093  822 1096  808 1091  811 1093  802 1092  808 1091  798 1093  802 1092  789 1093  798 1093  788 1094  789 1093  785 1095  788 1094  774 1094  785 1095  763 1092  774 1094  757 1091  763 1092  750 1087  757 1091
897 1099  902 1100
1032 1091 1037 1100
1046 1098 1048 1100 1047 1095 1046 1098
1017 1097 1018 1099 1013 1096 1017 1097
400 1095  405 1098
1113 1096 1115 1098 1108 1096 1113 1096
887 1097  894 1097  884 1095  887 1097
74 1094   77 1096   73 1089   74 1094   71 1088   73 1089
393 1097  396 1096  392 1098  393 1097  391 1099  392 1098  387 1099  391 1099  383 1099  387 1099  368 1092  383 1099
186 1095  190 1095  168 1089  186 1095  163 1088  168 1089  161 1088  163 1088  156 1083  161 1088
621 1090  624 1093  615 1086  621 1090  610 1083  615 1086  600 1078  610 1083  597 1076  600 1078  594 1074  597 1076  592 1072  594 1074  590 1070  592 1072  584 1068  590 1070  564 1068  584 1068
361 1092  366 1092  357 1092  361 1092  353 1092  357 1092  344 1087  353 1092
572 1090  574 1092  571 1088  572 1090  569 1086  571 1088  557 1086  569 1086  551 1083  557 1086
88 1088   88 1090   86 1086   88 1088   78 1086   86 1086
335 1091  337 1090  329 1092  335 1091  318 1089  329 1092  300 1088  318 1089
426 1088  442 1090
1108 1090 1098 1090
251 1085  268 1089  246 1082  251 1085
100 1085  105 1087
484 1086  479 1087
911 1087  912 1086  910 1088  911 1087  909 1089  910 1088  906 1085  909 1089
956 1084  957 1086  954 1082  956 1084  948 1083  954 1082
1082 1085 1068 1086
744 1081  748 1084  730 1078  744 1081  726 1078  730 1078  723 1078  726 1078  712 1074  723 1078  702 1068  712 1074
536 1082  542 1083
939 1075  946 1083
232 1079  238 1082  225 1078  232 1079
525 1080  530 1082
770 1076  792 1082  765 1073  770 1076
153 1075  155 1081
1049 1080 1055 1081
1107 1077 1112 1081
469 1078  471 1080  468 1076  469 1078  454 1079  468 1076  452 1080  454 1079  449 1078  452 1080
133 1077  135 1078  130 1069  133 1077
390 1077  397 1078
415 1075  440 1078  397 1070  415 1075  387 1069  397 1070
441 1077  447 1078
474 1076  479 1078
1044 1076 1047 1078 1041 1074 1044 1076 1036 1076 1041 1074 1033 1075 1036 1076
282 1077  288 1077  281 1078  282 1077  273 1078  281 1078  261 1076  273 1078  257 1076  261 1076  245 1072  257 1076  238 1067  245 1072
510 1075  521 1077
1031 1074 1026 1077
388 1076  372 1076
447 1074  448 1076  447 1072  447 1074  445 1070  447 1072  422 1064  445 1070
843 1073  853 1076
947 1074  947 1076  943 1069  947 1074  940 1068  943 1069
922 1076  923 1075  916 1074  922 1076
931 1075  926 1075
37 1069   39 1074
1013 1069 1019 1073
749 1062  763 1072  738 1057  749 1062
1077 1072 1067 1072
836 1068  841 1071  825 1066  836 1068
326 1069  333 1070
905 1068  909 1070  897 1062  905 1068  890 1056  897 1062  881 1043  890 1056
1048 1068 1050 1070 1036 1068 1048 1068
1060 1061 1065 1070 1056 1058 1060 1061
501 1070  502 1069  500 1068  501 1070  485 1065  500 1068  483 1066  485 1065
138 1067  144 1068
152 1062  153 1066  145 1055  152 1062
473 1065  480 1066
563 1064  563 1066  561 1062  563 1064  556 1059  561 1062  548 1059  556 1059  542 1059  548 1059  530 1055  542 1059
691 1064  699 1066  687 1061  691 1064
316 1064  321 1064  315 1065  316 1064  302 1061  315 1065  301 1059  302 1061
375 1062  377 1064  368 1059  375 1062  359 1059  368 1059
1026 1058 1031 1064
67 1060   68 1062   61 1060   67 1060
414 1062  420 1062  412 1060  414 1062  411 1058  412 1060  409 1056  411 1058  405 1054  409 1056  381 1054  405 1054
653 1060  662 1061  647 1057  653 1060  642 1054  647 1057  634 1051  642 1054  628 1051  634 1051  623 1051  628 1051  609 1046  623 1051  577 1040  609 1046  572 1040  577 1040  556 1034  572 1040
672 1059  664 1061  685 1061  672 1059
246 1057  252 1060  239 1056  246 1057
1121 1057 1124 1059 1119 1056 1121 1057 1118 1055 1119 1056 1115 1054 1118 1055 1111 1057 1115 1054 1105 1058 1111 1057
1068 1053 1071 1058
50 1056   49 1057   47 1053   50 1056
189 1055  190 1057  186 1053  189 1055  185 1052  186 1053  181 1054  185 1052
1051 1053 1054 1057
317 1055  338 1056  309 1052  317 1055  300 1052  309 1052
716 1052  725 1056
1008 1057 1011 1056 1004 1054 1008 1057 1001 1054 1004 1054
134 1054  143 1055  131 1052  134 1054
528 1055  518 1055
504 1052  516 1054
1036 1052 1042 1054
165 1050  171 1053
714 1052  701 1052
1075 1051 1069 1051 1079 1051 1075 1051 1084 1048 1079 1051
124 1042  130 1050
205 1050  209 1050  201 1047  205 1050
355 1042  377 1049  338 1040  355 1042  329 1037  338 1040
1023 1048 1030 1049
193 1049  195 1048  190 1046  193 1049
306 1045  313 1047
660 1042  667 1046  655 1036  660 1042
1008 1041 1009 1046
1043 1042 1048 1046
499 1043  500 1045  488 1038  499 1043
482 1040  486 1044  478 1039  482 1040
700 1044  692 1044
1125 1040 1131 1042
816 1041  820 1041  811 1040  816 1041  805 1036  811 1040
39 1035   42 1040
832 1040  823 1040
1037 1037 1040 1040 1032 1036 1037 1037 1031 1034 1032 1036 1024 1031 1031 1034
114 1038  121 1039
182 1034  186 1039
844 1033  834 1039
1105 1031 1100 1037
91 1023  105 1036   88 1020   91 1023   82 1018   88 1020
972 1034  978 1036  970 1035  972 1034  962 1035  970 1035  961 1036  962 1035  957 1033  961 1036
464 1036  467 1035  453 1033  464 1036
645 1034  653 1035
271 1028  283 1034  265 1025  271 1028  264 1023  265 1025  261 1021  264 1023  247 1021  261 1021
642 1035  643 1034  637 1035  642 1035  636 1036  637 1035  629 1035  636 1036  611 1027  629 1035  607 1025  611 1027  605 1026  607 1025
419 1031  424 1033
544 1032  554 1033  540 1032  544 1032  534 1031  540 1032  531 1031  534 1031  523 1029  531 1031  520 1029  523 1029  513 1027  520 1029  509 1026  513 1027  505 1025  509 1026  496 1016  505 1025
175 1033  179 1032  172 1033  175 1033  170 1033  172 1033  168 1029  170 1033
443 1033  445 1032  439 1030  443 1033  434 1029  439 1030
852 1030  847 1032  862 1030  852 1030
869 1029  872 1032  865 1029  869 1029
658 1025  676 1031
325 1031  328 1030  320 1031  325 1031  316 1031  320 1031  310 1030  316 1031  302 1025  310 1030  294 1024  302 1025  292 1022  294 1024
446 1028  447 1030  442 1027  446 1028
1093 1028 1093 1030 1088 1023 1093 1028
1115 1030 1108 1030
1119 1028 1117 1030 1121 1025 1119 1028 1121 1020 1121 1025
431 1027  432 1029  428 1024  431 1027  421 1022  428 1024
601 1030  602 1029  597 1030  601 1030  591 1029  597 1030  564 1020  591 1029  539 1009  564 1020
910 1027  916 1029
793 1026  797 1028  787 1026  793 1026
25 1027   20 1027
99 1017  106 1025
134 1018  144 1024
1059 1023 1053 1024
418 1023  413 1023
21 1018   25 1022
233 1022  238 1022  229 1019  233 1022
1133 1020 1134 1022 1127 1018 1133 1020 1123 1019 1127 1018
59 1017   63 1020
277 1017  289 1020
417 1018  419 1020  410 1018  417 1018  407 1019  410 1018  400 1015  407 1019
774 1017  783 1020  766 1014  774 1017  762 1012  766 1014  760 1010  762 1012  750 1010  760 1010  734 1010  750 1010  728 1011  734 1010  724 1012  728 1011  708 1007  724 1012  704 1005  708 1007  702 1003  704 1005  695 1004  702 1003  685 1001  695 1004 683 999  685 1001 667 999 683 999
967 1019  962 1019
27 1013   29 1018
1122 1016 1121 1018 1119 1004 1122 1016
899 1016  904 1017
267 1012  275 1016  265 1010  267 1012  256 1010  265 1010
13 1012   18 1015
396 1014  385 1015
840 1012  846 1015
373 1015  374 1014  366 1016  373 1015  357 1016  366 1016  351 1017  357 1016  326 1014  351 1017  321 1014  326 1014  316 1014  321 1014  297 1007  316 1014  284 1003  297 1007  283 1004  284 1003
377 1013  383 1014
470 1014  458 1014
42 1009   50 1012
394 1009  396 1012  392 1007  394 1009  391 1006  392 1007  388 1008  391 1006
472 1009  484 1012
494 1010  486 1012
528 1006  537 1009
605 1007  608 1009  602 1005  605 1007  589 1005  602 1005
250 1006  251 1008  248 1004  250 1006  233 1000  248 1004
522 1009  520 1008  526 1006  522 1009
1082 1005 1084 1007 1081 1004 1082 1005 1083 1000 1081 1004
1101 1009 1098 1007 1104 1010 1101 1009 1107 1007 1104 1010
1090 1004 1095 1006 1087 1000 1090 1004
441 1002  444 1005  440 1000  441 1002 437 997  440 1000 435 995 437 997 431 995 435 995 423 993 431 995 420 993 423 993 414 987 420 993 412 987 414 987
931 1003  933 1005  924 1003  931 1003
392 997  404 1004
503 997  517 1004
37 1002   31 1002
980 1000  986 1002
75 997   83 1001  70 995  75 997  67 994  70 995  54 981  67 994
381 998  381 1001 383 996 381 998
1100  999 1118 1001
225 997  230 1000
1018  997 1023 1000
500 998 494 999
18 998  19 997  15 994  18 998
1092  995 1088  997 1096  997 1092  995
965 994 971 996
390 994 385 995
500 993 500 995 495 988 500 993 493 988 495 988
525 993 519 995
698 990 699 994 693 987 698 990
187 985 195 993
320 986 323 993
487 991 486 992 488 989 487 991 487 986 488 989 484 983 487 986 480 982 484 983
959 993 960 992 956 991 959 993 945 990 956 991
449 989 451 991 442 986 449 989 437 986 442 986
1125  985 1134  991
326 985 332 989 322 985 326 985
376 989 379 989 374 989 376 989 370 984 374 989
547 990 549 989 531 988 547 990
676 987 683 989
939 986 942 989 935 986 939 986 921 979 935 986
616 987 621 988 611 983 616 987
1035  985 1033  988 1036  984 1035  985 1034  981 1036  984
1092  981 1099  988
465 985 467 985 463 985 465 985 456 978 463 985 447 970 456 978 435 963 447 970
176 982 184 984
319 982 320 984 313 983 319 982
511 981 517 983
397 983 399 982 392 980 397 983 379 977 392 980
1119  980 1124  982
354 980 361 981
49 980  51 980  44 977  49 980  39 969  44 977
95 978  95 980  91 975  95 978
168 976 174 980
436 978 437 980 435 979 436 978 429 977 435 979
852 978 857 980 848 979 852 978
1032  979 1026  980
402 976 408 979
908 974 912 979
192 977 198 978 190 975 192 977
583 977 588 978 572 970 583 977
599 978 593 978
1023  976 1024  978 1022  974 1023  976 1021  972 1022  974 1014  972 1021  972 1011  972 1014  972 1009  970 1011  972
838 974 845 977
941 965 958 977
863 977 862 976 874 974 863 977
789 975 792 974 783 975 789 975 782 973 783 975
812 975 809 974 820 972 812 975 821 971 820 972 827 973 821 971
898 973 906 974
160 973 163 973 155 972 160 973 139 965 155 972 135 964 139 965 124 956 135 964
342 972 348 973
369 974 370 973 367 974 369 974 363 973 367 974 359 968 363 973 353 961 359 968 352 959 353 961 350 957 352 959 346 958 350 957
1088  972 1078  973
282 973 283 972 278 971 282 973
414 968 420 972 412 969 414 968
679 970 681 972 666 972 679 970 655 971 666 972
881 960 896 972
651 969 653 971 648 967 651 969 642 967 648 967 639 965 642 967 622 960 639 965 618 958 622 960 617 959 618 958 614 960 617 959 608 960 614 960 603 957 608 960 601 955 603 957 596 953 601 955 584 953 596 953 578 954 584 953 573 954 578 954 564 952 573 954 560 949 564 952
190 969 194 969 184 966 190 969
1099  965 1096  969
760 964 766 968 756 962 760 964 755 963 756 962
325 966 332 966 322 964 325 966 317 964 322 964 307 960 317 964 302 957 307 960 300 955 302 957 293 955 300 955 279 953 293 955 265 948 279 953 258 948 265 948 253 946 258 948
561 965 556 966
179 965 182 965 177 963 179 965
187 955 208 965
549 961 553 965
471 963 477 964
865 965 873 964 844 960 865 965
502 960 508 963
673 961 675 963 662 958 673 961
1097  956 1100  963
75 957  79 962
160 956 167 962
750 960 752 962 744 960 750 960 741 958 744 960
403 959 405 961 395 958 403 959 388 954 395 958 386 952 388 954 383 954 386 952 377 952 383 954
404 954 424 961 403 952 404 954
475 958 478 961 472 958 475 958 462 952 472 958
536 959 547 961
937 960 931 961
1118  958 1120  959 1116  956 1118  958 1117  954 1116  956
16 958  18 958   8 949  16 958
340 959 344 958 336 956 340 959 331 953 336 956 330 954 331 953 322 950 330 954 321 948 322 950 306 942 321 948 296 941 306 942 290 938 296 941 276 935 290 938
773 958 778 958 762 953 773 958
867 950 878 958 864 947 867 950 859 944 864 947 855 944 859 944
809 956 802 957
655 951 660 956 649 948 655 951
725 954 738 956 715 955 725 954
1012  955 1018  956
1025  953 1021  955 1029  953 1025  953 1031  955 1029  953
540 955 541 954 532 951 540 955 528 951 532 951
699 956 695 954 706 954 699 956
992 953 987 954
905 951 915 953
157 952 151 952
1122  950 1118  952 1124  946 1122  950
1000  947 1008  951 999 948 1000  947 997 948 999 948 994 947 997 948 986 936 994 947
757 948 760 950 748 948 757 948 742 946 748 948
102 946 109 949 101 944 102 946
387 943 402 949 372 934 387 943
804 947 810 949
376 947 382 948 370 946 376 947 366 942 370 946
557 949 558 948 549 947 557 949 546 946 549 947 545 943 546 946
894 946 894 948 894 944 894 946 893 942 894 944 892 940 893 942 888 940 892 940
244 944 251 946 227 944 244 944 221 941 227 944 219 942 221 941
6 941   7 945   0 934   6 941
86 943  91 945
542 945 537 945
590 942 593 945 588 940 590 942 584 937 588 940 575 936 584 937 566 934 575 936 563 934 566 934 558 930 563 934 554 930 558 930 551 927 554 930 547 926 551 927
192 942 193 944 188 942 192 942
1107  936 1109  942
1122  942 1124  942 1120  940 1122  942 1120  936 1120  940
353 939 359 941 347 940 353 939
93 931 106 940  89 930  93 931
331 934 344 939
632 934 634 938 625 930 632 934
758 938 750 938
1068  937 1069  938 1068  934 1068  937 1070  933 1068  934
1134  937 1127  938
504 931 507 937
484 934 490 936 481 934 484 934 479 931 481 934 474 929 479 931 467 923 474 929
67 928  77 935
272 932 274 934 239 924 272 932 232 920 239 924 229 920 232 920
545 932 547 934 545 928 545 932
714 932 716 934 710 932 714 932
899 931 906 934
979 929 984 934
1117  932 1109  934
705 931 708 933 700 932 705 931
220 930 224 932 218 931 220 930 216 929 218 931 213 927 216 929 205 929 213 927
369 926 371 932 366 923 369 926
491 928 499 932
779 927 755 931
865 931 863 931 867 927 865 931
871 926 874 931
662 930 659 930 671 925 662 930
174 929 176 928 171 930 174 929 168 931 171 930 145 925 168 931 142 925 145 925 134 922 142 925 132 919 134 922
1012  923 1015  928
57 923  58 927  50 917  57 923
701 924 703 926 692 922 701 924 689 921 692 922 687 923 689 921
806 927 808 926 802 925 806 927
818 924 815 926 824 926 818 924
985 924 987 926 984 922 985 924 981 920 984 922 976 922 981 920
684 925 686 925 681 923 684 925 681 921 681 923
529 919 538 924 525 919 529 919
632 919 637 924
790 924 783 924
793 923 800 924
346 922 356 923
808 923 802 923
1004  924 1002  923 1009  922 1004  924
307 917 320 922 303 913 307 917 298 912 303 913 292 908 298 912
462 922 465 922 458 919 462 922
154 919 161 921 151 915 154 919 150 913 151 915 147 910 150 913 145 908 147 910 135 904 145 908 128 904 135 904
1000  920 999 921 997 914 1000  920
1104  922 1103  921 1107  917 1104  922
1061  918 1062  920 1055  918 1061  918
1083  921 1082  920 1089  918 1083  921
456 919 450 919
777 920 778 919 771 919 777 920 759 912 771 919 752 910 759 912
1045  916 1048  919 1041  915 1045  916
447 915 447 918 444 913 447 915
124 912 130 917
622 913 631 917
939 913 951 917
532 913 539 916
770 912 782 916 767 909 770 912
798 912 806 916 792 906 798 912 781 900 792 906 777 896 781 900
75 910  81 915
216 912 219 915 208 909 216 912
609 912 619 915 605 913 609 912 588 910 605 913
1100  915 1094  915
890 914 889 913 895 912 890 914
512 910 515 912 507 910 512 910
871 910 863 912
999 910 997 912 1007  908 999 910
338 911 340 911 336 908 338 911 325 901 336 908
1113  909 1111  911 1112  906 1113  909
742 908 750 910
908 909 915 910
1010  909 1015  910
583 907 585 909 579 907 583 907
906 909 901 909
303 905 310 908
196 907 199 907 192 903 196 907
496 904 504 907
523 904 529 907
538 905 545 907
680 905 681 907 677 905 680 905
1027  903 1031  907
576 904 577 906 574 902 576 904 563 897 574 902 552 895 563 897
706 902 712 906 703 902 706 902
172 902 180 905 164 902 172 902
283 903 285 905 282 904 283 903 280 902 282 904 279 903 280 902 274 901 279 903
853 905 856 905 849 902 853 905
57 899  65 904
1067  901 1086  903
898 899 899 902 895 899 898 899
1124  899 1129  902
300 903 301 901 290 899 300 903
484 897 498 901
1009  901 1006  899 1016  898 1009  901 1017  899 1016  898
44 894  53 898
99 896 102 898  94 897  99 896
542 895 548 898 534 894 542 895
160 890 168 897
465 895 467 897 447 891 465 895
482 897 475 897
685 896 678 896
1102  892 1107  896
195 888 196 895
289 893 293 895 287 894 289 893 275 893 287 894 265 890 275 893
320 892 321 894 315 891 320 892 287 879 315 891 274 871 287 879
587 890 592 894 588 889 587 890 586 887 588 889
772 892 775 894 770 893 772 892 760 891 770 893
420 893 419 892 424 894 420 893 428 890 424 894
525 893 531 892 520 891 525 893
503 892 506 891 488 886 503 892
710 889 713 891 709 890 710 889 703 890 709 890 697 887 703 890 695 885 697 887 680 882 695 885 676 883 680 882
107 888 109 890 104 886 107 888  93 883 104 886  92 884  93 883
435 888 444 890 430 889 435 888
518 890 509 890
985 883 991 890 985 881 985 883
69 883  82 889
257 886 263 888 247 887 257 886
423 885 428 888 414 883 423 885
361 883 365 887
872 886 877 887
184 886 186 886 178 879 184 886 176 876 178 879 172 875 176 876 160 865 172 875
857 885 851 886
903 880 907 885
937 881 941 885
412 884 407 884
547 884 542 884
669 879 674 883 652 872 669 879 650 872 652 872 643 866 650 872
751 880 757 883 750 881 751 880
816 881 811 883
145 880 146 882 135 876 145 880 134 877 135 876
909 877 911 882 904 873 909 877
1029  879 1032  882 1026  876 1029  879 1024  874 1026  876 1020  874 1024  874 1015  871 1020  874 1010  871 1015  871 1000  867 1010  871
896 880 898 880 890 873 896 880 889 871 890 873 885 870 889 871
739 877 746 879 737 878 739 877
846 880 845 879 853 878 846 880
875 874 877 879
927 871 935 879
986 878 985 879 984 872 986 878
87 875  90 878  71 870  87 875  67 867  71 870
248 870 256 878
361 875 357 877 363 874 361 875 372 876 363 874
401 876 409 877 388 873 401 876 377 868 388 873
572 875 578 877
464 872 475 876
1122  874 1121  876 1120  862 1122  874
976 873 975 875 979 873 976 873
596 871 600 874
726 870 733 874
19 867  25 871
565 865 574 871
450 865 461 870
803 867 796 870
49 869  51 869  45 865  49 869
146 868 152 869 142 865 146 868
277 865 282 869
782 870 779 869 786 866 782 870 789 864 786 866 795 864 789 864
1045  868 1057  869 1041  868 1045  868 1036  865 1041  868
771 866 777 868 769 867 771 866
990 866 994 868 986 867 990 866
503 857 516 867
702 867 705 867 700 864 702 867
1060  865 1059  867 1060  862 1060  865 1055  854 1060  862
370 862 376 866
438 863 447 866
718 866 708 866
948 865 952 865 947 866 948 865 945 866 947 866 944 867 945 866 939 863 944 867 938 860 939 863
266 865 267 864 261 863 266 865 257 861 261 863 256 856 257 861 254 853 256 856 248 850 254 853
556 860 562 863
849 858 856 863
978 863 971 863
1133  861 1134  863 1126  860 1133  861
39 859  42 862  33 855  39 859  28 854  33 855
135 859 140 862
246 857 246 862
684 859 699 862
1117  861 1110  862
212 856 212 861
643 861 636 861
629 856 634 860
1096  862 1093  860 1101  860 1096  862
132 860 133 859 129 858 132 860 124 858 129 858
486 860 492 859 477 858 486 860
403 857 410 858
817 856 810 858 820 855 817 856 823 858 820 855
939 856 939 858 938 853 939 856 932 848 938 853
1086  855 1089  858 1080  854 1086  855
355 855 370 857
468 856 474 857
496 855 501 857
245 851 241 856
116 853 117 855 100 847 116 853
340 855 347 855 335 855 340 855 325 853 335 855 320 850 325 853
204 852 200 854 209 854 204 852
215 853 213 854 215 848 215 853
785 852 790 854
1097  851 1098  854 1093  849 1097  851
171 854 172 853 165 854 171 854 157 851 165 854
381 850 387 853
445 851 446 853 436 851 445 851 429 847 436 851
766 851 771 853
620 852 624 852 616 849 620 852 608 847 616 849
830 845 836 851
816 844 815 850
893 848 899 850
1042  850 1040  850 1045  846 1042  850
1134  848 1134  850 1131  846 1134  848
488 849 486 849 490 846 488 849
545 850 552 849 540 848 545 850
727 847 728 849 722 845 727 847
793 848 794 849 793 846 793 848 797 843 793 846
89 843  95 848
244 848 236 848
305 846 315 848 301 847 305 846
387 849 388 848 380 846 387 849
985 845 979 848 989 845 985 845
1049  844 1054  848 1046  844 1049  844
187 848 188 847 183 845 187 848 181 843 183 845 180 844 181 843 178 842 180 844 177 843 178 842 172 840 177 843 169 838 172 840 165 836 169 838 150 835 165 836
293 844 299 847 276 839 293 844 270 839 276 839
503 844 512 847 493 844 503 844
530 844 514 847 537 845 530 844
668 845 671 847 662 846 668 845
877 845 890 847
368 838 377 846
604 847 605 846 600 845 604 847
896 842 893 846 896 839 896 842
412 844 424 845
1041  843 1034  845 1044  844 1041  843
604 842 607 844 603 841 604 842 601 843 603 841
712 844 715 844 710 842 712 844
819 842 828 844
1027  841 1031  844 1024  837 1027  841 1025  836 1024  837
454 842 461 843 445 840 454 842 440 836 445 840
902 840 903 843 898 837 902 840
1122  842 1121  843 1119  836 1122  842
649 841 657 842
811 840 815 842 804 840 811 840
223 839 226 841 217 837 223 839 213 839 217 837
409 839 410 841 408 840 409 839 403 837 408 840
471 838 464 841
483 839 486 841 479 837 483 839 474 839 479 837 473 838 474 839
796 839 797 841 793 839 796 839
231 838 229 840 232 837 231 838 234 836 232 837 239 837 234 836 242 840 239 837
635 836 647 840
699 836 707 840 697 833 699 836
779 839 785 840 775 835 779 839 773 835 775 835
210 838 204 838
584 838 586 838 582 835 584 838
875 830 880 838
329 823 366 837
390 837 395 837 387 837 390 837 383 836 387 837 380 835 383 836 376 832 380 835 377 831 376 832 375 829 377 831
630 835 631 837 626 835 630 835
892 835 886 836
200 833 201 835 194 832 200 833
590 833 591 835 588 831 590 833 585 832 588 831
1112  834 1117  835
1094  833 1099  834
1110  834 1101  834
1121  832 1119  834 1122  831 1121  832 1120  829 1122  831
259 832 264 833
462 833 469 833 457 831 462 833
748 831 753 833 745 832 748 831
180 830 186 832 176 831 180 830
420 831 427 832 415 827 420 831
47 829  49 831  34 824  47 829  30 822  34 824  24 820  30 822  20 821  24 820
146 832 149 831 133 829 146 832 126 824 133 829 125 825 126 824
696 829 697 831 693 827 696 829 691 829 693 827
980 830 985 831
832 828 826 830
451 827 453 829 447 829 451 827 437 828 447 829
575 828 566 829
725 826 726 829 723 824 725 826 722 825 723 824 715 823 722 825
823 823 824 829
259 826 263 828 257 827 259 826
546 824 563 828 537 820 546 824
668 825 673 828 667 826 668 825 663 827 667 826 660 827 663 827 658 827 660 827 654 822 658 827
245 824 254 827 240 820 245 824
925 823 931 827
123 825 114 826
173 818 178 825
201 821 212 822
964 815 966 822
472 819 474 821 465 818 472 819
644 819 652 821 626 820 644 819
906 815 916 821
531 820 535 820 523 816 531 820
803 821 802 820 810 818 803 821
431 819 425 819
618 816 624 819
756 817 761 819
893 820 896 819 870 813 893 820
1031  815 1033  819 1027  814 1031  815 1023  810 1027  814
96 813 104 817  95 814  96 813  90 811  95 814  83 808  90 811  79 806  83 808  74 804  79 806  72 805  74 804  67 803  72 805  59 803  67 803
166 815 163 817 171 816 166 815
407 814 413 817
608 813 616 816 606 813 608 813 602 812 606 813 599 811 602 812 597 811 599 811 593 807 597 811 591 801 593 807
318 813 319 815 311 810 318 813
369 813 372 815 367 814 369 813
444 811 458 815
1076  813 1079  815 1072  811 1076  813 1068  812 1072  811
691 815 694 814 684 813 691 815
817 812 815 814 824 813 817 812
957 812 962 814 949 813 957 812
403 811 405 813 400 809 403 811 397 807 400 809 391 808 397 807
832 812 826 813
838 808 834 812
980 812 973 812
199 811 202 811 196 811 199 811 188 804 196 811
852 809 867 811
726 808 727 810 725 809 726 808 719 806 725 809
744 809 749 810
962 806 966 810
994 805 998 810 991 804 994 805
439 806 442 809 433 804 439 806
228 806 230 808 225 806 228 806
709 804 714 808
1018  808 1021  808 1014  807 1018  808 1011  804 1014  807
497 805 505 807
830 808 828 807 833 805 830 808
1034  807 1024  807
219 801 219 806
304 807 306 806 300 804 304 807 298 802 300 804 291 802 298 802 287 800 291 802
515 807 517 806 511 805 515 807
846 806 840 806
706 802 699 805
485 804 494 804 479 802 485 804
528 804 519 804
564 802 570 804
185 803 169 803
578 802 573 803
102 799 106 802
164 800 162 802 165 799 164 800 167 801 165 799
504 801 509 802
768 797 771 802
830 802 824 802
161 800 160 801 160 798 161 800 158 795 160 798 156 793 158 795 149 793 156 793
343 801 338 801
460 792 477 801
640 797 645 801 639 798 640 797
1106  796 1107  801
387 798 388 800 381 796 387 798 373 797 381 796
551 798 554 800 544 797 551 798 538 799 544 797
576 797 579 800 573 795 576 797 570 796 573 795
831 798 831 800 830 796 831 798 829 794 830 796 828 792 829 794 827 790 828 792 825 788 827 790 823 786 825 788 821 785 823 786 820 784 821 785 817 783 820 784 815 783 817 783 812 787 815 783
1002  795 1005  799 998 791 1002  795 993 789 998 791
1012  799 1007  799
203 791 218 798 194 787 203 791 191 783 194 787
1108  795 1113  798
249 791 260 797
690 793 694 797 685 789 690 793 683 786 685 789 681 784 683 786 668 781 681 784
365 796 371 796 364 797 365 796 360 797 364 797 355 797 360 797 348 795 355 797 345 791 348 795 339 789 345 791
551 791 567 796
409 793 414 795
765 795 759 795
134 791 146 794
772 792 768 794 776 794 772 792 777 793 776 794
1103  791 1097  794
111 794 113 793  96 792 111 794  88 788  96 792  79 787  88 788  68 783  79 787
123 791 115 793 125 792 123 791
950 791 951 793 948 789 950 791 943 791 948 789 939 790 943 791
696 790 698 792 693 790 696 790
797 791 789 792
986 790 983 792 991 790 986 790
126 791 132 791
404 789 407 791 399 786 404 789 394 787 399 786 385 786 394 787 381 786 385 786 377 786 381 786 368 781 377 786 354 778 368 781 341 773 354 778
451 788 458 791
808 788 806 791 810 788 808 788
1081  788 1084  789 1078  784 1081  788
430 786 432 788 429 787 430 786 422 784 429 787
248 783 257 786
534 782 539 785
723 782 721 785 721 781 723 782
443 780 447 784
886 780 891 783 884 778 886 780 875 778 884 778
1039  781 1040  783 1035  782 1039  781
193 780 197 782 192 781 193 780
1027  781 1033  782
1068  780 1076  782
184 779 190 781 182 780 184 779
440 782 441 781 434 781 440 782 431 777 434 781
765 778 767 780 759 777 765 778
72 779  75 779  57 771  72 779  51 770  57 771  41 767  51 770  36 766  41 767  27 763  36 766  24 760  27 763  15 754  24 760   8 750  15 754   0 748   8 750
177 777 178 779 174 777 177 777 170 774 174 777
438 776 441 779 432 775 438 776
697 778 706 779
710 779 708 779 712 778 710 779 712 776 712 778 709 774 712 776
843 780 842 779 852 777 843 780
506 775 509 778 507 774 506 775
522 773 540 778 509 772 522 773
912 777 911 778 910 775 912 777 910 771 910 775
986 779 987 778 985 780 986 779 981 780 985 780 966 773 981 780 965 774 966 773
427 777 429 776 420 774 427 777
661 772 665 776 659 772 661 772
695 774 695 776 694 772 695 774 693 770 694 772 690 771 693 770
893 771 896 776
725 773 727 775 719 773 725 773
646 774 644 773 657 772 646 774
755 771 756 773 753 769 755 771 737 771 753 769 732 769 737 771 731 770 732 769
94 767 116 772  74 760  94 767
956 769 962 772
1072  773 1073  772 1066  769 1072  773 1059  765 1066  769 1056  763 1059  765 1050  763 1056  763
333 769 338 771 325 769 333 769
431 769 437 771
439 760 455 771
472 773 470 771 490 771 472 773
493 770 506 771
911 769 921 771
655 765 657 770
857 765 860 770
423 767 428 769
863 764 869 769 859 763 863 764
1041  769 1034  769 1045  768 1041  769 1048  765 1045  768
671 765 683 768
704 764 712 767 702 765 704 764
929 768 928 767 937 766 929 768
851 763 846 766
8 765  11 765   4 765   8 765   2 765   4 765   0 763   2 765   1 761   0 763
147 762 146 764 143 756 147 762
945 766 944 764 953 764 945 766
647 762 642 763
667 761 668 763 662 759 667 761
1009  761 1007  763 1016  760 1009  761
1046  761 1048  763 1043  759 1046  761 1041  758 1043  759 1039  760 1041  758 1032  759 1039  760 1031  758 1032  759 1029  760 1031  758 1019  761 1029  760
598 760 592 762 600 762 598 760 612 762 600 762
757 760 750 762
723 762 724 761 719 758 723 762 718 756 719 758 711 756 718 756
1005  758 1005  761 1003  753 1005  758 1000  752 1003  753 997 747 1000  752
70 761  72 760  67 759  70 761
412 757 406 760 414 758 412 757
397 758 403 759 393 755 397 758 391 753 393 755 383 749 391 753 378 749 383 749 372 748 378 749 367 745 372 748
907 757 911 759 896 757 907 757
981 757 983 759 979 755 981 757 972 755 979 755
69 756  72 758  67 757  69 756
434 755 437 758 417 748 434 755 403 739 417 748 382 730 403 739 375 725 382 730
571 759 577 758 568 760 571 759 567 761 568 760 550 759 567 761 540 756 550 759
619 757 625 758
654 752 660 758
732 754 731 758 729 750 732 754
920 752 921 758
1019  756 1018  758 1017  754 1019  756
54 753  65 757
642 755 640 757 647 757 642 755
738 755 740 757 735 755 738 755
891 758 894 757 889 756 891 758
1105  755 1110  757
926 751 928 756 927 749 926 751
285 749 302 755
893 752 895 755 888 750 893 752
1090  752 1092  754 1088  753 1090  752 1086  751 1088  753 1084  752 1086  751 1076  750 1084  752
983 745 989 753 982 743 983 745 980 744 982 743
129 749 136 752 127 750 129 749 119 748 127 750
602 753 606 752 599 751 602 753 582 749 599 751 578 747 582 749
838 750 840 752 839 748 838 750 841 747 839 748 844 747 841 747 846 747 844 747 849 748 846 747 851 752 849 748
46 746  52 751  45 747  46 746
514 749 519 750 498 742 514 749 493 740 498 742 490 736 493 740
708 747 708 749 703 744 708 747
816 748 809 749
878 744 885 749
456 746 457 748 452 747 456 746
571 746 576 747
653 743 658 746
275 744 282 745
942 742 935 745
634 742 641 744
763 745 762 744 767 743 763 745
886 742 887 744 884 740 886 742 878 741 884 740
259 739 273 743
557 744 561 743 550 741 557 744
730 739 734 743
777 743 782 743 770 740 777 743
820 740 820 743 818 738 820 740 814 738 818 738
947 740 952 743
355 737 364 742
664 740 665 742 660 737 664 740 657 737 660 737
809 741 808 742 809 739 809 741 801 733 809 739
117 737 124 741
872 742 875 741 863 740 872 742
954 739 954 741 950 737 954 739
593 736 597 740
1126  739 1131  740
236 740 234 739 238 740 236 740 239 738 238 740
444 740 445 739 437 735 444 740
457 737 459 739 456 738 457 737 451 736 456 738
467 738 475 739
547 736 550 739 543 735 547 736
719 740 721 739 715 738 719 740
846 736 852 739
1075  739 1082  739 1071  739 1075  739 1065  736 1071  739
147 739 148 738 143 738 147 739 137 732 143 738 135 732 137 732
242 736 247 738
1124  738 1115  738
612 735 621 737
984 735 982 737 986 734 984 735 995 734 986 734 1000  736 995 734
1023  731 1023  737
1095  736 1098  737 1083  738 1095  736
337 734 342 736
1033  735 1032  736 1032  732 1033  735 1031  730 1032  732 1024  728 1031  730
1059  734 1061  736 1058  733 1059  734 1055  733 1058  733 1053  735 1055  733
1114  732 1100  736
58 733  59 735  54 733  58 733
238 733 239 735 237 731 238 733 233 733 237 731 222 733 233 733
596 729 606 735
894 729 899 734
1039  728 1042  734
205 732 215 733
540 731 541 733 535 731 540 731
838 732 837 733 834 729 838 732
180 727 194 732 175 725 180 727 172 723 175 725 156 723 172 723
331 731 336 732 326 727 331 731 318 724 326 727
417 724 432 732
697 731 702 732
473 725 483 731 457 717 473 725 455 718 457 717 447 714 455 718
527 730 533 731
936 731 940 731 931 730 936 731 927 727 931 730
349 729 344 730
524 730 519 730
658 729 652 730
817 728 819 730 811 729 817 728
104 729 105 728  97 726 104 729
439 726 444 728
510 727 515 728
522 726 519 728 524 727 522 726
78 726  84 727
1081  725 1087  727
58 721  73 726
593 727 594 726 589 725 593 727
782 723 788 726 780 720 782 723
1037  723 1039  726 1030  719 1037  723
124 720 124 725
754 723 756 725 749 723 754 723
870 723 872 725 870 718 870 723
966 723 962 725 969 722 966 723 971 722 969 722 973 725 971 722
145 722 151 724
737 723 746 724
143 722 136 723
358 719 372 723 353 715 358 719 330 705 353 715
658 720 666 722 654 717 658 720
946 721 948 722 945 715 946 721
415 719 416 721 412 720 415 719 404 718 412 720
495 718 501 721 491 718 495 718
851 722 848 721 854 721 851 722 855 718 854 721
895 718 900 721 889 718 895 718 888 719 889 718 877 714 888 719
286 718 284 720 288 717 286 718 292 716 288 717 296 716 292 716 302 719 296 716
509 718 503 720
845 720 840 720
486 718 489 718 484 716 486 718
521 716 524 718 518 715 521 716 514 715 518 715 512 717 514 715
728 719 729 718 722 716 728 719
696 718 697 717 690 716 696 718
266 715 279 716
489 714 490 716 484 714 489 714
568 716 576 716 567 717 568 716 553 711 567 717
696 711 705 715
1015  714 1014  715 1016  713 1015  714 1016  711 1016  713 1014  708 1016  711 1013  706 1014  708 1009  706 1013  706
254 715 264 714
473 712 480 714 460 704 473 712 456 704 460 704 448 699 456 704
242 706 249 713
831 707 833 713
435 706 445 712 430 704 435 706 429 705 430 704
869 710 874 712
396 709 407 711 389 705 396 709
988 710 994 711 983 709 988 710 979 705 983 709
549 707 551 709 546 705 549 707 532 705 546 705
663 707 668 709
555 701 567 708
625 708 627 708 623 708 625 708 620 703 623 708 612 698 620 703
90 702  99 707
661 707 655 707
842 702 843 707
683 703 692 706
824 705 829 706
517 703 530 705 515 701 517 703 514 702 515 701 501 697 514 702 497 697 501 697
830 702 831 705 830 700 830 702 828 697 830 700 827 695 828 697 822 694 827 695
223 700 236 704 210 697 223 700 204 695 210 697 202 694 204 695 196 694 202 694 193 696 196 694
266 702 267 704 246 698 266 702
949 696 956 703
58 701  70 702
635 698 640 701
913 698 916 701 910 698 913 698
773 700 768 700
781 697 786 700
143 700 146 699 136 698 143 700
186 697 187 699 185 698 186 697 177 696 185 698
1113  700 1114  699 1109  697 1113  700 1101  696 1109  697
85 696  86 698  79 697  85 696
154 696 149 698
240 695 244 698 235 692 240 695 214 684 235 692 209 684 214 684
599 696 602 698 595 697 599 696
890 696 888 698 893 696 890 696
907 699 908 698 902 700 907 699 895 696 902 700
165 697 157 697
446 695 447 697 445 693 446 695 436 690 445 693 433 687 436 690 419 679 433 687 411 677 419 679
681 692 684 697
999 694 999 697 997 692 999 694
71 694  74 696  69 695  71 694  66 693  69 695  52 693  66 693
616 694 623 696
693 691 699 696 690 686 693 691
720 696 713 696 725 694 720 696
1050  696 1045  696
278 693 279 695 277 694 278 693 267 690 277 694 263 686 267 690
946 695 939 695
846 693 851 694
1033  689 1043  694 1031  688 1033  689 1031  686 1031  688
95 693  92 692 101 691  95 693
105 690 109 692 103 691 105 690
743 692 738 692
838 693 840 692 834 690 838 693
39 687  44 691  33 685  39 687
490 690 495 691
518 689 527 691 512 688 518 689 499 681 512 688
787 688 792 691 785 689 787 688
135 692 131 690 146 689 135 692 148 690 146 689
484 687 487 690 482 685 484 687 480 683 482 685 456 674 480 683 450 672 456 674 449 673 450 672
656 687 663 690
676 688 679 690 673 689 676 688
310 684 314 689 307 683 310 684
671 689 666 689
181 686 184 688 167 685 181 686 159 684 167 685 155 684 159 684 152 684 155 684 150 685 152 684 150 687 150 685
723 686 724 688 720 683 723 686 716 683 720 683
992 688 983 688
393 688 395 687 388 684 393 688 385 684 388 684 382 681 385 684 376 679 382 681
948 684 949 686 944 683 948 684
997 683 994 686 1006  680 997 683
779 685 770 685
829 682 833 685 827 683 829 682 824 683 827 683 819 679 824 683
198 681 207 684 194 679 198 681 190 680 194 679 170 677 190 680
642 682 652 684
799 685 800 684 797 681 799 685
765 681 767 683 759 682 765 681 749 680 759 682
923 683 928 683 917 679 923 683 914 679 917 679
1055  678 1057  683
1028  680 1025  682 1028  678 1028  680
489 677 495 680
114 680 118 679  90 676 114 680
129 681 120 679 145 679 129 681
780 676 784 679 779 677 780 676 775 675 779 677
1030  677 1035  679
1022  675 1020  677 1026  675 1022  675
398 673 407 676
602 675 595 676
239 673 240 675 231 669 239 673 224 667 231 669 223 668 224 667
410 673 410 675 405 669 410 673
546 673 548 675 543 673 546 673
1051  675 1053  675 1049  675 1051  675 1047  675 1049  675 1046  676 1047  675 1041  667 1046  676
164 671 168 674 148 667 164 671 144 664 148 667 139 661 144 664 133 661 139 661 130 659 133 661
298 672 304 674
471 664 486 674
1029  668 1028  674
1066  674 1061  674 1069  675 1066  674 1071  675 1069  675 1073  671 1071  675
1113  673 1122  674 1107  672 1113  673 1102  669 1107  672
390 670 396 673 388 671 390 670
623 673 617 673
821 670 826 673
530 669 538 672
924 667 928 672 919 665 924 667
613 669 615 671 612 670 613 669 610 668 612 670 608 669 610 668 604 666 608 669 599 666 604 666
664 671 658 671
732 672 734 671 729 669 732 672 728 667 729 669 724 665 728 667 718 665 724 665
837 668 835 671 835 665 837 668
765 670 760 670
1099  668 1075  670
293 667 293 669 290 666 293 667
374 668 373 669 371 665 374 668 370 663 371 665 358 660 370 663 357 661 358 660
845 667 847 669 843 662 845 667 844 660 843 662
1066  667 1073  669 1059  668 1066  667
82 666  87 668
394 663 403 668 386 662 394 663 383 660 386 662
585 665 594 668
182 668 184 667 177 666 182 668 170 666 177 666
869 664 877 667 866 661 869 664
1057  665 1057  667 1056  663 1057  665 1055  661 1056  663 1053  660 1055  661 1050  660 1053  660 1047  660 1050  660 1045  660 1047  660 1041  665 1045  660
637 665 644 666 630 664 637 665 625 663 630 664 620 661 625 663 610 653 620 661
656 666 646 666
1025  666 1028  666 1020  664 1025  666 1016  660 1020  664
1039  666 1030  666
1011  667 1010  665 1010  669 1011  667 1004  669 1010  669 1001  671 1004  669
517 663 523 664
793 663 792 664 789 658 793 663
904 661 905 664 902 658 904 661 900 658 902 658
269 659 283 663
352 661 353 663 346 660 352 661
573 664 574 663 560 660 573 664 559 661 560 660 548 660 559 661 535 656 548 660
582 661 577 663 584 663 582 661
514 663 515 662 506 659 514 663 491 655 506 659
247 657 247 661 245 655 247 657
892 659 891 661 898 658 892 659
60 658  65 660
114 659 125 660
100 658 112 659
199 654 213 659 195 651 199 654
962 660 963 659 954 657 962 660
92 656  98 658  84 656  92 656
376 655 381 658 369 652 376 655 364 652 369 652
851 657 861 658
984 654 989 657
64 647  81 656  63 648  64 647
816 654 818 656 814 652 816 654 804 652 814 652
785 649 787 655
843 650 849 655
257 652 261 654 248 652 257 652
1074  652 1077  654 1068  652 1074  652
237 651 243 653
688 651 691 653 676 650 688 651 672 648 676 650
34 653  35 652  30 651  34 653
38 653  37 652  43 651  38 653
347 650 353 652 339 650 347 650
603 649 608 652 602 647 603 649 599 645 602 647 594 643 599 645 577 643 594 643
977 650 982 652 968 645 977 650 960 636 968 645 960 634 960 636 954 629 960 634 948 627 954 629
1018  650 1025  652
1088  647 1096  652 1076  644 1088  647 1068  640 1076  644
318 648 327 651
336 650 329 651
950 651 948 651 952 649 950 651 952 646 952 649
361 648 361 650 353 642 361 648
653 646 664 650 647 646 653 646 644 644 647 646 642 645 644 644 636 645 642 645 627 641 636 645
983 645 984 650
998 650 986 650
182 645 194 649 177 644 182 645 173 640 177 644 159 632 173 640 157 630 159 632 153 627 157 630 143 626 153 627
835 646 838 648 824 646 835 646
305 644 316 647
705 648 707 647 695 640 705 648
777 645 777 647 778 644 777 645 779 643 778 644 781 643 779 643 784 647 781 643
928 646 917 646
935 646 930 646 947 642 935 646
17 637  33 645
555 640 562 644
910 641 913 644 902 639 910 641
1060  641 1062  644 1054  638 1060  641
292 640 302 643
573 640 575 642 563 640 573 640
260 635 262 641
282 637 290 640
692 641 693 640 690 640 692 641 689 639 690 640 688 638 689 639 688 636 688 638 691 634 688 636 692 636 691 634
947 637 949 640 945 635 947 637 942 633 945 635 932 633 942 633
536 636 541 639 535 637 536 636 530 635 535 637
552 638 543 639
900 638 891 639
1051  635 1052  637 1046  632 1051  635 1042  632 1046  632
1069  635 1078  637 1065  632 1069  635
783 635 778 636
36 633  35 635  34 630  36 633
608 633 618 635 596 627 608 633 592 624 596 627 576 618 592 624 561 616 576 618
732 636 731 635 736 634 732 636 738 632 736 634 737 631 738 632
811 633 814 635 801 632 811 633
868 630 879 635
277 631 280 634 277 629 277 631 276 628 277 629 272 630 276 628
493 636 486 634 513 633 493 636 516 634 513 633
470 630 484 633
525 631 526 633 524 630 525 631 521 630 524 630 519 632 521 630
635 632 627 632
797 627 799 632
1124  630 1126  632 1119  628 1124  630 1111  630 1119  628 1106  628 1111  630 1093  628 1106  628
267 628 270 630 261 628 267 628
691 629 690 630 686 624 691 629
766 628 768 630 763 630 766 628 759 629 763 630
825 629 829 629 823 627 825 629
1029  626 1028  628 1030  625 1029  626 1033  627 1030  625
123 622 132 627 118 619 123 622 110 616 118 619 105 616 110 616
246 624 257 627 238 622 246 624 229 623 238 622
452 627 458 627 433 622 452 627
676 625 677 627 668 622 676 625 666 623 668 622
29 623  34 626
717 622 730 626
927 623 933 626
496 623 497 625 492 621 496 623 487 619 492 621 483 620 487 619 466 619 483 620 458 616 466 619
808 623 807 625 805 621 808 623
73 624  74 623  68 624  73 624  66 624  68 624  65 622  66 624
359 624 360 623 350 619 359 624
421 625 419 623 423 626 421 625 430 623 423 626
769 614 772 623
368 621 362 622
414 620 416 622 411 620 414 620
747 618 751 622
759 621 754 622
99 618  88 621
227 619 228 621 223 617 227 619 220 617 223 617 218 619 220 617
648 619 650 621 644 619 648 619
209 616 216 620
327 620 344 620 304 619 327 620 303 620 304 619 285 616 303 620
817 617 817 619 810 610 817 617
927 616 927 618 926 614 927 616 918 610 926 614
31 614  36 616
411 611 428 616 410 612 411 611 406 610 410 612 403 611 406 610 387 607 403 611
551 615 559 616 547 612 551 615 541 609 547 612 532 608 541 609 528 605 532 608 524 606 528 605 519 603 524 606 513 602 519 603
755 614 760 616
201 612 206 614 199 613 201 612 177 609 199 613
375 610 384 612
756 610 764 612
890 610 889 612 888 605 890 610
848 611 846 611 849 610 848 611 850 609 849 610 848 605 850 609 842 600 848 605
435 607 442 610
632 611 635 610 622 605 632 611
795 611 794 610 801 609 795 611
165 606 170 608
186 605 194 607
810 602 815 606
1019  606 1011  606
354 603 357 605 349 603 354 603
159 600 163 604
600 603 611 604
213 593 234 603
873 601 870 603 881 601 873 601
419 599 430 602
509 603 511 602 505 600 509 603
860 599 865 601 858 596 860 599
511 598 511 600 507 596 511 598 505 598 507 596
704 599 710 600
166 597 167 599 160 598 166 597
411 597 416 599 410 596 411 597 403 598 410 596
668 600 669 599 661 598 668 600
1106  597 1109  599 1106  595 1106  597
155 596 158 598 137 598 155 596 132 599 137 598 128 600 132 599 123 600 128 600 118 599 123 600 114 596 118 599
309 597 322 598
335 596 337 598 329 596 335 596
499 600 503 598 486 599 499 600
796 596 795 597 796 593 796 596 794 591 796 593
478 594 480 596 476 592 478 594 475 593 476 592 462 589 475 593
1073  596 1074  595 1071  597 1073  596 1067  598 1071  597 1065  599 1067  598 1060  597 1065  599 1056  593 1060  597
1079  597 1077  595 1080  598 1079  597 1091  595 1080  598 1099  593 1091  595 1104  594 1099  593
294 591 301 594 283 590 294 591 281 591 283 590 277 592 281 591 274 590 277 592 273 591 274 590 271 589 273 591 264 586 271 589 250 584 264 586 225 576 250 584 224 577 225 576 205 572 224 577
855 592 857 594 844 591 855 592
921 593 920 594 921 591 921 593 918 590 921 591
208 593 211 593 200 588 208 593
1109  591 1106  593 1121  591 1109  591
100 592 106 592
372 593 370 592 373 597 372 593
608 590 610 592 602 588 608 590 588 585 602 588 580 583 588 585 566 581 580 583 550 583 566 581
361 590 368 591 358 587 361 590 355 587 358 587
711 588 711 591 708 584 711 588
821 590 815 591
869 586 874 591
937 589 939 591 933 589 937 589
1033  588 1039  590
1003  586 1007  588 1000  587 1003  586
1015  588 1009  588
191 586 198 587 183 581 191 586 180 581 183 581
451 587 459 587 446 586 451 587 442 582 446 586 438 581 442 582
763 582 772 587
401 584 406 586 400 585 401 584
813 584 814 586 805 584 813 584
59 582  61 584  51 583  59 582
895 580 901 584
93 582  98 583
700 570 706 583
798 579 803 583
90 583  91 582  89 584  90 583  84 584  89 584  80 584  84 584  76 580  80 584  74 578  76 580  71 579  74 578
830 579 833 582 829 580 830 579 824 578 829 580
937 581 942 582
1087  581 1101  582
417 580 436 581 411 580 417 580 409 578 411 580
990 581 995 581 980 577 990 581
40 579  41 580  39 578  40 579  38 577  39 578  36 576  38 577  37 574  36 576  38 572  37 574  43 573  38 572
121 577 127 580 115 577 121 577
731 579 737 580
532 577 535 579 529 578 532 577
1104  577 1108  579 1101  578 1104  577
1126  576 1110  579
350 575 358 578
338 578 340 577 335 575 338 578 330 574 335 575
817 578 818 577 815 578 817 578 813 573 815 578
806 575 805 576 805 572 806 575 799 570 805 572
515 573 521 575
325 575 328 574 324 576 325 575 319 576 324 576 316 574 319 576 306 573 316 574 301 573 306 573 289 568 301 573
396 573 401 574
507 571 513 573
789 568 792 573
942 571 936 572
1061  571 1068  572
1114  569 1116  571 1110  567 1114  569 1103  565 1110  567 1093  565 1103  565
492 568 497 570 483 568 492 568 459 565 483 568 454 562 459 565 450 562 454 562
1049  567 1057  570
195 567 189 569 202 569 195 567
366 562 377 569
683 568 685 569 685 566 683 568
772 563 777 569
32 567  37 568
278 568 287 568 270 565 278 568
622 567 627 568
758 567 769 568
921 566 925 568 915 566 921 566
1033  566 1038  568
287 564 289 566 286 562 287 564 276 560 286 562 272 559 276 560 268 558 272 559 265 557 268 558 260 558 265 557 254 562 260 558
713 563 713 566 709 557 713 563
1084  567 1082  566 1091  565 1084  567
161 563 166 565 160 564 161 563
353 562 363 565
184 563 190 564 181 560 184 563 179 558 181 560 176 559 179 558 171 557 176 559
675 562 678 564 673 563 675 562
860 562 862 564 858 560 860 562 851 560 858 560
1089  561 1091  563 1081  561 1089  561
252 562 244 562
525 560 530 562
913 558 911 562 914 556 913 558 912 547 914 556
508 557 522 561
1075  561 1079  561 1048  549 1075  561 1044  549 1048  549 1030  542 1044  549 1025  539 1030  542 1017  536 1025  539 1009  536 1017  536
350 558 352 560 339 557 350 558
841 557 849 560 836 553 841 557
3 558   5 559   1 557   3 558   0 550   1 557
16 555  23 559
771 557 769 559 776 557 771 557
230 556 239 558
402 559 404 558 399 557 402 559 393 557 399 557
429 558 408 558
442 558 431 558
741 557 732 558
761 556 767 558 759 554 761 556 755 554 759 554 753 556 755 554
330 553 335 556
495 553 505 556
1012  556 1007  556
92 551  98 555
634 553 628 555
9 549  13 552   8 546   9 549
183 550 183 552 182 548 183 550 179 545 182 548 175 542 179 545 163 538 175 542
218 552 213 552
482 550 493 552 476 549 482 550 475 550 476 549 469 549 475 550 463 548 469 549 460 548 463 548 454 543 460 548 454 541 454 543 452 539 454 541 445 535 452 539 439 532 445 535 438 533 439 532 422 528 438 533
790 551 792 551 783 545 790 551
249 548 250 550 246 546 249 548 217 540 246 546 214 541 217 540
915 546 923 550
86 548  90 549  85 546  86 548
627 547 627 549 622 544 627 547
637 547 649 549
676 547 671 549
127 545 138 548
199 545 189 547 203 546 199 545
438 546 443 546 430 542 438 546 427 540 430 542 424 538 427 540 422 536 424 538 420 534 422 536 414 536 420 534 408 537 414 536 398 534 408 537
560 543 568 546
580 547 578 546 585 545 580 547
817 544 822 546 804 543 817 544
549 541 553 545
587 544 592 545
635 544 634 545 631 540 635 544 630 541 631 540
731 541 738 544
415 541 420 543
899 543 908 543
292 541 299 542 287 538 292 541 285 536 287 538 272 533 285 536 265 532 272 533 249 525 265 532 244 522 249 525 243 523 244 522 238 520 243 523 236 521 238 520 229 520 236 521 222 516 229 520 209 513 222 516 204 512 209 513 198 508 204 512
797 537 802 542 797 535 797 537
1102  542 1097  542
1122  540 1117  541
543 541 544 540 542 542 543 541 540 542 542 542 537 538 540 542
671 536 667 540
910 538 910 540 907 534 910 538 904 531 907 534 903 529 904 531 898 529 903 529
1000  537 980 540
119 536 122 539  97 527 119 536
550 538 555 539
616 537 617 539 612 536 616 537
856 532 858 539
868 535 873 538
204 533 210 537
541 531 544 537
548 535 548 537 549 534 548 535 549 532 549 534 546 529 549 532 542 529 546 529
758 534 760 537 758 531 758 534 760 529 758 531
150 530 161 536 141 528 150 530 138 528 141 528 128 522 138 528
384 536 387 536 379 534 384 536 375 531 379 534 375 529 375 531
1006  531 1007  534 1004  527 1006  531 1000  522 1004  527 988 513 1000  522
315 530 321 533 311 528 315 530 307 530 311 528
395 531 396 533 391 528 395 531 389 529 391 528 380 526 389 529
332 532 323 532
181 522 202 531 180 520 181 522
349 531 338 531 356 529 349 531
744 530 749 531 736 525 744 530
510 530 529 530 504 531 510 530 497 531 504 531 492 532 497 531 472 525 492 532 464 524 472 525
540 529 535 530
589 527 599 530 586 524 589 527
958 527 961 530 954 527 958 527
367 531 358 529 369 529 367 531
723 530 724 529 718 527 723 530
767 530 766 529 771 528 767 530
850 526 854 529
529 526 530 528 526 526 529 526
644 524 640 528
843 529 842 528 848 527 843 529
1112  529 1113  528 1103  529 1112  529 1098  529 1103  529 1096  529 1098  529 1095  526 1096  529
1117  525 1122  528
300 527 290 527
941 528 948 527 936 525 941 528
627 526 619 526
761 522 762 524 761 520 761 522 754 519 761 520
1065  523 1072  524
1101  523 1106  524 1100  521 1101  523
278 520 286 523 277 521 278 520
648 524 646 523 657 522 648 524
663 524 659 523 668 522 663 524
928 522 915 523
578 522 580 522 574 518 578 522
678 521 670 522
881 520 887 522
1095  522 1077  522
274 521 269 521
832 520 823 521
167 519 172 520 158 512 167 519
445 520 439 520
687 516 680 520
801 520 803 520 799 520 801 520 795 517 799 520 796 516 795 517 794 514 796 516
820 520 810 520
844 517 852 520
903 518 904 520 902 516 903 518 899 514 902 516 894 514 899 514
341 517 345 519 335 518 341 517
502 514 506 519
840 517 835 519 841 518 840 517
978 516 970 519 983 512 978 516
331 516 333 518 329 515 331 516 328 517 329 515
486 518 493 518 482 518 486 518 472 516 482 518 465 514 472 516 462 511 465 514
782 515 784 518 783 513 782 515
636 515 637 517 629 511 636 515 628 512 629 511 623 510 628 512
697 512 692 514 705 512 697 512
1065  514 1068  514 1063  512 1065  514
326 511 327 513 323 512 326 511
403 511 405 513 389 511 403 511
918 514 921 513 911 509 918 514
1035  514 1036  513 1032  511 1035  514 1026  509 1032  511
119 511 124 512
947 506 947 512
311 508 320 511
447 509 449 511 442 510 447 509
617 508 621 510 601 506 617 508
538 510 540 509 537 511 538 510 526 510 537 511 514 506 526 510
867 507 868 509 864 507 867 507
1005  506 1011  509
300 507 295 507
959 506 969 507
1058  504 1061  506 1052  504 1058  504
591 503 598 505
949 504 957 505
216 501 220 504
269 505 274 504 257 506 269 505 251 506 257 506 242 503 251 506
433 504 440 504 426 502 433 504 418 497 426 502
751 501 754 504 748 501 751 501
945 500 947 504 944 497 945 500 940 493 944 497 937 493 940 493 935 491 937 493
507 503 501 503
111 500 113 502 106 500 111 500
285 502 278 502
494 500 499 502
589 502 584 502
745 502 746 501 739 502 745 502 735 499 739 502 733 497 735 499 730 498 733 497 722 495 730 498
181 497 185 500 180 498 181 497 172 497 180 498 165 493 172 497
205 499 212 500 198 494 205 499
232 498 233 500 228 498 232 498
1118  500 1105  500
484 495 491 498
408 498 416 497 391 494 408 498
745 491 749 496
452 490 457 495
801 493 802 495 797 491 801 493 795 492 797 491
466 491 478 494
583 491 588 494 578 491 583 491
717 492 718 494 712 490 717 492
975 490 973 494 976 477 975 490
564 495 561 493 567 496 564 495 571 496 567 496 575 493 571 496
1112  491 1099  492
150 491 157 491 143 487 150 491
404 489 406 491 401 487 404 489 400 488 401 487 398 489 400 488 380 487 398 489 379 488 380 487 365 486 379 488 359 482 365 486 356 480 359 482 350 480 356 480
817 489 816 491 821 489 817 489
846 490 824 490
194 490 195 489 186 486 194 490
440 485 446 489 433 483 440 485
933 484 934 489
135 486 141 487
200 484 206 487
647 488 648 487 646 489 647 488 642 489 646 489 638 489 642 489 631 488 638 489 625 487 631 488 621 487 625 487 618 487 621 487 615 487 618 487 610 486 615 487 607 486 610 486 598 483 607 486 591 481 598 483 585 476 591 481 574 469 585 476 569 465 574 469 562 461 569 465 557 461 562 461 550 458 557 461
265 487 266 486 241 481 265 487 237 482 241 481 231 479 237 482 230 480 231 479 223 477 230 480 212 477 223 477 205 475 212 477
549 484 551 486 541 483 549 484
92 481  99 485
181 485 173 485
659 485 651 485
1039  487 1031  485 1050  485 1039  487 1064  485 1050  485
734 485 735 484 731 484 734 485 729 483 731 484 729 478 729 483
1023  482 1028  484
1069  482 1066  484 1072  483 1069  482 1073  484 1072  483 1075  485 1073  484 1097  478 1075  485
705 480 706 483 702 478 705 480 700 479 702 478
997 482 996 483 996 480 997 482 994 478 996 480 993 476 994 478 991 477 993 476 983 474 991 477 978 475 983 474
177 478 183 482
531 478 538 482
941 481 933 482 947 478 941 481
674 480 689 481
925 479 930 481 924 480 925 479
1010  482 1005  481 1011  480 1010  482
1108  477 1127  481 1099  477 1108  477
338 477 347 480 336 475 338 477 334 474 336 475 332 473 334 474 325 476 332 473
695 478 691 480 698 479 695 478
784 479 773 480
817 478 818 480 816 476 817 478 812 476 816 476
158 476 166 479 156 477 158 476 136 473 156 477
907 477 905 479 908 476 907 477 916 479 908 476
741 477 740 478 738 474 741 477 739 473 738 474
830 476 830 478 829 473 830 476 828 471 829 473 824 468 828 471 820 466 824 468 818 467 820 466
133 476 124 476
517 474 529 476
534 474 531 476 538 475 534 474
476 476 471 475 482 474 476 476
723 473 730 475
760 474 755 475
959 477 957 475 962 478 959 477 967 478 962 478 973 475 967 478
424 473 430 474 422 471 424 473
489 475 484 474 498 472 489 475
774 473 771 474 776 472 774 473 778 464 776 472
792 469 794 474
510 473 515 473 502 470 510 473
449 472 441 472
464 470 468 472 451 471 464 470
757 468 760 472
961 470 957 472 966 468 961 470 972 469 966 468
269 471 275 471 266 468 269 471 265 466 266 468 263 464 265 466 257 466 263 464
308 469 311 471 306 470 308 469
651 470 656 471
32 468  32 470  32 465  32 468  31 463  32 465  25 461  31 463
291 469 278 470
809 468 808 470 810 466 809 468 816 466 810 466
230 468 237 469
495 465 499 469 489 464 495 465 481 459 489 464
733 466 736 469 727 465 733 466
199 466 193 468
228 468 218 468
794 465 799 468
201 466 212 467
414 466 412 467 417 466 414 466 423 470 417 466
433 465 438 467
708 466 711 467 706 465 708 466 705 461 706 465
1021  462 1023  467
379 466 374 466
622 462 628 466
386 466 383 465 389 463 386 466
353 463 367 464
792 462 792 464 790 460 792 462 789 459 790 460 787 461 789 459
335 461 351 463 317 463 335 461 314 462 317 463
879 462 883 463 875 458 879 462
1040  461 1043  463 1040  459 1040  461
168 463 173 462 164 464 168 463 133 460 164 464
785 461 780 462
855 461 856 462 855 458 855 461 856 456 855 458 858 456 856 456
1111  462 1122  462 1106  460 1111  462
190 461 177 461
771 459 777 461
457 459 473 460 445 455 457 459 444 456 445 455
50 458  49 459  47 454  50 458  44 453  47 454
735 456 739 459 730 455 735 456
1096  457 1104  459
768 459 769 458 764 457 768 459
314 456 319 457
389 453 394 457
470 449 479 457
613 457 594 457
1094  457 1088  457
807 452 807 456 805 450 807 452
441 452 442 455 439 450 441 452 438 451 439 450
846 456 847 455 840 453 846 456
163 452 172 454
410 455 407 454 426 453 410 455
578 451 580 454 570 447 578 451
875 452 874 454 872 442 875 452
220 450 224 453 214 449 220 450
131 450 142 451
150 451 145 451
547 451 542 451
551 448 549 451 549 444 551 448
715 446 714 451
746 446 749 451
885 446 892 451
650 448 656 450
701 447 705 450 693 445 701 447
767 450 758 450
1093  445 1115  450 1090  443 1093  445
740 448 738 449 740 445 740 448
777 441 784 449
370 448 359 448
670 449 671 448 669 450 670 449 667 450 669 450 665 445 667 450
199 447 204 447 195 446 199 447 192 443 195 446
914 445 920 447
677 445 682 446
450 441 465 445 442 439 450 441 437 438 442 439 432 437 437 438 428 433 432 437 420 429 428 433
850 444 857 445
1116  439 1117  445
640 442 643 444 633 442 640 442
825 442 826 444 823 440 825 442 816 439 823 440
980 437 984 443 968 427 980 437
347 442 334 442
537 438 544 442 530 438 537 438 525 436 530 438
594 440 595 442 585 440 594 440
797 443 798 442 792 438 797 443
921 436 920 441
508 439 513 440
874 434 872 439
1104  439 1109  439 1098  436 1104  439 1079  433 1098  436 1071  430 1079  433
283 436 288 438 269 438 283 436 264 437 269 438
606 431 607 438
724 431 727 438
844 436 846 438 840 437 844 436 832 435 840 437
716 435 708 436
808 432 812 436
226 435 230 435 224 433 226 435
377 433 370 435
892 436 893 435 890 437 892 436 886 437 890 437 883 437 886 437 877 433 883 437
934 431 923 435
1127  433 1130  435 1125  434 1127  433
209 431 219 434 208 432 209 431 206 430 208 432 189 429 206 430 176 425 189 429 174 426 176 425
390 433 385 434
612 429 619 434
901 434 896 434
510 432 516 433
627 429 630 433 624 428 627 429
386 427 383 432
398 432 393 432 404 429 398 432
671 426 674 432
302 431 299 431 304 429 302 431
374 428 377 431 368 425 374 428 365 426 368 425
499 428 507 431 497 425 499 428
556 427 564 431
865 430 859 431
289 430 296 430 281 427 289 430 279 425 281 427 278 423 279 425 270 422 278 423 261 424 270 422
338 430 332 430
850 429 857 430
1044  426 1069  430
406 428 418 429
570 427 567 429 571 426 570 427 579 429 571 426
606 427 606 429 606 425 606 427 605 423 606 425 602 423 605 423
987 427 994 429
1025  426 1031  429 1022  424 1025  426 1021  423 1022  424 1016  425 1021  423
337 426 339 428 335 424 337 426 330 426 335 424
358 428 352 428
721 426 716 428
328 426 315 427
1003  425 997 427
1041  426 1034  427
598 426 593 426
788 423 792 426
829 425 828 426 829 423 829 425 828 421 829 423 826 420 828 421 825 419 826 420 821 419 825 419 817 422 821 419
638 423 638 425 637 420 638 423 636 418 637 420 632 418 636 418
503 423 508 424
942 422 943 424 940 420 942 422 933 420 940 420
852 420 852 423 850 418 852 420
493 420 496 422 488 418 493 420 485 420 488 418 478 420 485 420
672 423 675 422 671 424 672 423 667 421 671 424
707 423 705 422 714 420 707 423
1123  422 1130  422 1121  423 1123  422 1118  423 1121  423 1114  419 1118  423 1109  415 1114  419 1101  412 1109  415
86 416  85 421
777 418 782 421
45 418  47 420  45 414  45 418
256 418 258 420 245 418 256 418
663 418 665 420 656 418 663 418
755 419 760 420
469 418 463 419
532 413 535 419 529 411 532 413
241 415 243 417 237 415 241 415
449 415 441 417 454 416 449 415
463 414 463 417 461 412 463 414
735 413 739 417
197 415 208 416
171 413 185 415 168 411 171 413
902 411 907 415
76 412  85 414
100 414  89 414
194 414 188 414
229 410 234 414
105 413 103 413 107 413 105 413 109 412 107 413 109 408 109 412
691 414 692 413 687 414 691 414 686 415 687 414 684 416 686 415 680 412 684 416 678 407 680 412
696 411 694 413 697 410 696 411 695 407 697 410
836 410 839 413 835 408 836 410 832 409 835 408
996 411 998 413 983 411 996 411
37 409  44 412
56 410  46 412  57 409  56 410  62 409  57 409  64 411  62 409
74 412  66 412
404 410 410 411 399 409 404 410 392 404 399 409
435 406 443 411 432 406 435 406
136 407 143 410 130 405 136 407 115 405 130 405
344 410 352 410 337 407 344 410 327 406 337 407
724 409 731 410
1073  411 1075  410 1071  412 1073  411 1063  412 1071  412 1062  413 1063  412 1056  410 1062  413 1053  408 1056  410 1043  408 1053  408
1093  405 1098  410
162 408 146 409
1082  410 1080  409 1091  405 1082  410
715 401 722 408
791 403 801 408
850 408 845 408
1032  407 1041  408 1027  404 1032  407
1115  408 1125  408 1107  406 1115  408
316 406 325 406 312 406 316 406 310 404 312 406
586 405 577 405
673 403 669 405 675 404 673 403
1130  403 1128  405 1134  403 1130  403
426 401 430 404 418 397 426 401 405 392 418 397 400 392 405 392 383 387 400 392
891 401 895 404 889 401 891 401 887 399 889 401 888 395 887 399
299 398 308 403
513 403 516 403 503 398 513 403 501 398 503 398 496 395 501 398 490 388 496 395
683 396 685 402
767 400 770 402 765 399 767 400 763 398 765 399 759 398 763 398 757 398 759 398 755 401 757 398
921 403 922 402 917 401 921 403
366 398 371 400
735 397 743 400 728 398 735 397
273 397 276 399 273 395 273 397
577 399 581 399 571 396 577 399
825 397 825 399 826 396 825 397 826 394 826 396 824 392 826 394 821 393 824 392
722 398 725 398 720 396 722 398
813 398 802 398
870 395 875 398
636 396 638 396 633 392 636 396
839 391 848 396
610 388 612 395
624 392 620 395 625 393 624 392 629 391 625 393
717 391 718 394 710 388 717 391
1008  393 1003  394
660 394 664 393 653 390 660 394
756 386 756 392
764 390 769 392 762 391 764 390
1046  389 1072  392 1041  387 1046  389
900 391 893 391
1007  386 1009  391 1008  383 1007  386
10 386  14 390
471 390 459 390
648 388 648 390 644 386 648 388
798 386 803 390
567 388 566 389 567 386 567 388 566 384 567 386 563 384 566 384
779 385 781 389 780 384 779 385 773 381 780 384
847 380 852 388 848 379 847 380
1030  386 1036  388 1024  387 1030  386
1017  383 1022  387
250 383 249 385 253 383 250 383
376 382 381 385
156 385 157 384 152 381 156 385
439 381 442 384 435 380 439 381
583 381 586 384 580 381 583 381
747 382 754 384
336 381 337 383 333 381 336 381 328 377 333 381
832 378 836 382
260 375 268 380
732 375 732 380
1087  377 1094  380
361 375 373 379
560 379 552 379
429 373 434 378 424 371 429 373
696 378 701 378 695 379 696 378 693 380 695 379 689 375 693 380
1116  377 1109  378 1118  375 1116  377
19 374  21 377  17 374  19 374
80 374  81 377  78 374  80 374
682 375 682 377 678 374 682 375
857 373 865 377
1125  374 1128  377 1120  373 1125  374
824 374 824 376 819 370 824 374
349 373 359 375
914 375 919 375 911 372 914 375 909 370 911 372 903 370 909 370
999 375 1005  375 995 373 999 375
170 370 171 374 168 369 170 370
518 375 519 374 511 373 518 375
258 371 258 373 255 368 258 371 251 368 255 368
310 371 311 373 303 369 310 371
359 370 360 373 359 368 359 370 358 366 359 368 356 364 358 366 350 365 356 364
722 371 722 373 723 369 722 371 724 368 723 369 732 371 724 368
853 371 854 373 852 369 853 371 847 369 852 369
641 372 633 372
959 372 951 372
396 366 401 370
497 370 490 370
629 363 631 370
895 367 899 370 892 367 895 367
579 370 580 369 577 370 579 370 575 370 577 370 570 367 575 370 567 364 570 367 567 361 567 364
345 369 346 368 344 370 345 369 340 367 344 370 325 362 340 367
799 362 802 368 794 358 799 362
814 366 816 368 811 366 814 366
1123  366 1134  368 1118  362 1123  366 1115  360 1118  362 1106  359 1115  360
444 364 449 366
1055  367 1050  366 1061  365 1055  367
492 364 498 365 488 361 492 364
759 362 764 365
235 359 241 364 227 354 235 359 221 353 227 354
341 361 347 364
388 365 389 364 380 362 388 365
742 362 748 364
780 361 788 364
1021  365 1018  364 1024  365 1021  365 1026  363 1024  365
521 361 530 362 514 358 521 361
634 357 642 362
311 352 323 361
657 361 658 360 654 357 657 361 652 355 654 357 651 356 652 355
987 355 982 359
336 354 339 358 334 354 336 354
425 356 433 358 421 355 425 356 418 352 421 355
786 354 788 357 783 354 786 354 779 350 783 354
850 354 852 357 848 354 850 354
208 355 213 356
949 353 956 356
968 354 970 356 967 355 968 354 962 353 967 355
715 352 722 355
732 352 733 354 727 351 732 352
762 351 764 354 756 349 762 351
995 354 989 354
195 352 200 353
694 350 696 353 694 348 694 350 692 346 694 348 677 345 692 346
936 351 935 353 935 349 936 351 936 347 935 349 937 346 936 347 938 345 937 346 943 346 938 345 945 346 943 346 948 347 945 346 949 351 948 347
984 352 978 353
304 353 308 352 296 350 304 353
520 349 523 352 514 348 520 349
809 344 817 352
821 349 826 352
192 349 193 351 190 347 192 349 184 346 190 347
361 346 372 351
573 348 574 350 566 346 573 348
698 348 704 350
794 348 796 350 790 346 794 348 780 347 790 346
985 345 985 350 983 343 985 345
306 347 308 349 303 346 306 347 299 346 303 346 297 348 299 346
277 340 295 348
530 339 535 347
645 341 645 347
178 348 175 346 182 346 178 348
549 344 549 346 547 342 549 344 546 343 547 342
455 343 457 345 448 343 455 343
913 346 911 345 916 346 913 346 920 342 916 346
168 344 174 344 165 342 168 344
178 342 176 344 182 344 178 342
1003  337 1001  344
348 343 354 343 345 341 348 343
956 339 962 343
161 342 163 342 159 339 161 342
891 334 897 342 882 328 891 334
971 339 968 342 977 337 971 339
487 337 500 341
560 342 561 341 557 342 560 342 551 338 557 342
774 342 769 341 776 340 774 342
913 332 924 341 910 329 913 332 905 328 910 329
1129  339 1131  341 1122  338 1129  339
632 339 636 339 624 334 632 339
640 337 638 339 643 339 640 337
759 341 761 339 754 340 759 341
869 337 871 339 866 337 869 337
271 336 274 338 265 337 271 336
334 336 340 338 332 336 334 336 329 332 332 336
594 336 594 338 591 333 594 336 582 331 591 333 580 329 582 331
1001  336 994 338
342 332 354 337
405 332 412 337
425 337 414 337
430 338 427 337 436 335 430 338
689 335 696 337
851 329 853 337
979 336 984 337
1108  333 1119  337
249 334 254 336
754 331 754 336
1032  331 1015  336
1090  337 1097  336 1089  338 1090  337 1073  334 1089  338 1068  331 1073  334
685 333 682 335 687 335 685 333
707 334 713 335
1012  335 1005  335
472 334 465 334
664 335 663 334 671 331 664 335
461 334 462 333 453 332 461 334
944 333 942 333 946 332 944 333 948 330 946 332 947 328 948 330
1010  329 1004  333
736 333 737 332 733 333 736 333 726 329 733 333
828 329 828 332 827 326 828 329 823 321 827 326 809 314 823 321 808 312 809 314
608 332 611 331 600 330 608 332
971 327 977 331
82 324  79 330
166 327 176 330
402 331 404 330 397 331 402 331 390 330 397 331 382 326 390 330
1036  326 1060  330
90 329  92 329  85 324  90 329
197 327 206 329
235 329 226 329
237 328 244 329
313 326 316 329 296 318 313 326 281 312 296 318 276 312 281 312
1072  327 1068  329 1077  325 1072  327 1086  325 1077  325 1092  327 1086  325
2 327   4 328   0 325   2 327   0 321   0 325
69 323  70 328  65 320  69 323  63 315  65 320
119 330 114 328 124 328 119 330
849 328 844 328
1094  327 1101  328
136 326 142 327
221 324 225 327
577 327 571 327
854 325 852 327 857 323 854 325 864 324 857 323 869 321 864 324
79 324  74 326
105 324 106 326  97 321 105 324  95 322  97 321
552 326 555 326 549 323 552 326
562 326 557 326
439 326 441 325 425 324 439 326
1119  322 1125  325 1112  322 1119  322 1109  320 1112  322 1101  319 1109  320
187 321 194 324
699 323 704 324
730 325 731 324 725 323 730 325
529 320 535 323
776 325 770 323 785 323 776 325
92 322  85 322
74 315  80 321
306 306 331 321 296 298 306 306
372 321 377 321 346 315 372 321 336 313 346 315 332 310 336 313
517 321 522 321 514 321 517 321 510 318 514 321
413 317 414 319 409 315 413 317 394 313 409 315
686 319 690 319 684 317 686 319
868 317 870 319 868 314 868 317
1093  317 1091  319 1092  314 1093  317
605 316 613 318
764 312 766 318
744 311 749 317
16 314  17 316  12 313  16 314
222 314 227 316
691 311 693 316
1055  318 1048  316 1060  316 1055  318 1067  316 1060  316
783 313 777 315
646 313 649 314 644 309 646 313
55 312  62 313
482 309 495 313
1117  310 1129  313 1112  311 1117  310
787 310 785 312 789 308 787 310 790 307 789 308 795 310 790 307
615 309 616 311 612 310 615 309
768 309 770 311 765 310 768 309
1100  309 1104  311 1096  307 1100  309 1081  307 1096  307
180 309 182 310 178 308 180 309 178 301 178 308
233 308 241 310 221 304 233 308 211 298 221 304
518 308 514 310 523 310 518 308
842 311 846 310 840 311 842 311 838 308 840 311
870 307 874 310 869 304 870 307
469 309 479 309 453 306 469 309
623 303 626 309
773 307 777 309 772 308 773 307
604 306 599 307
641 307 636 307
853 306 859 307
1071  305 1073  307 1068  306 1071  305 1062  306 1068  306 1058  304 1062  306
314 303 323 306
450 307 451 306 444 304 450 307 425 302 444 304
718 304 713 304
757 298 767 304
883 302 884 304 873 300 883 302
655 300 660 303
697 304 698 303 694 304 697 304 691 304 694 304 689 300 691 304 683 297 689 300
507 300 515 302
682 303 683 302 678 301 682 303
859 298 867 302
192 300 180 300
291 300 280 300
394 300 389 300 396 298 394 300
399 297 415 300
178 281 178 299
743 299 735 299
774 292 776 299
796 296 799 299 794 290 796 296
490 297 497 298
826 298 829 298 824 295 826 298
846 295 856 298 845 296 846 295
1123  293 1128  298 1121  291 1123  293 1114  291 1121  291
191 289 209 297
802 288 811 297
613 294 614 296 611 292 613 294 609 293 611 292
952 294 949 296 952 292 952 294
277 293 288 295 275 294 277 293
962 288 956 295 965 285 962 288 967 283 965 285 967 277 967 283
375 291 380 293
358 290 364 291 356 288 358 290 349 284 356 288 348 285 349 284 339 284 348 285 330 281 339 284 318 274 330 281
627 288 633 291
743 281 748 291
894 292 897 291 889 288 894 292
900 289 899 291 906 288 900 289
1093  289 1082  291 1097  288 1093  289 1107  290 1097  288
168 287 172 290 167 284 168 287
251 285 252 288 247 283 251 285
498 287 492 287
523 287 518 287
395 283 399 286 390 283 395 283 378 277 390 283
551 286 538 286
756 286 759 286 753 283 756 286
866 281 870 286
1030  288 1028  286 1033  286 1030  288
1063  283 1036  286 1077  285 1063  283 1080  284 1077  285
579 284 573 284
594 282 601 284
656 283 650 284
763 282 768 284
456 281 457 283 451 281 456 281 448 279 451 281
659 278 660 283
852 283 856 283 849 283 852 283 846 280 849 283
1010  277 1025  283
1033  283 1027  283
1094  278 1083  283 1096  275 1094  278
268 275 279 281
1080  278 1081  281 1073  272 1080  278
843 280 837 280
177 277 178 279 176 275 177 277 176 273 176 275 174 271 176 273 169 269 174 271 161 270 169 269
650 277 644 279
13 276  13 278   6 271  13 276
772 271 781 278
995 278 987 278
27 276  26 277  25 268  27 276
1134  274 1134  277 1132  272 1134  274
613 271 618 276
817 274 817 276 816 271 817 274 810 268 816 271
939 271 932 276
725 273 726 275 722 271 725 273 720 272 722 271
991 270 997 275
1048  275 1043  275
211 272 216 274
256 270 265 274 255 271 256 270 248 270 255 271 244 270 248 270 230 263 244 270
641 272 633 273
874 268 874 273
1104  273 1099  273 1106  271 1104  273
296 267 313 272
513 273 518 272 507 273 513 273 494 268 507 273
545 270 521 272 556 266 545 270 558 267 556 266
747 273 748 272 742 271 747 273
1070  270 1054  272
582 268 596 271
970 266 970 271
882 268 881 269 880 266 882 268 874 266 880 266
951 269 948 269 953 269 951 269 956 265 953 269
1078  267 1073  269
153 267 158 268
562 267 569 268
580 268 571 268
664 269 670 268 658 268 664 269 656 266 658 268
758 266 760 268 754 266 758 266
1096  263 1106  268
1113  266 1109  268 1126  266 1113  266
146 266 151 267
291 268 294 267 279 268 291 268 277 266 279 268 270 267 277 266 260 265 270 267
489 265 492 267 479 262 489 265 473 260 479 262 462 261 473 260
870 265 872 266 866 257 870 265
974 264 976 266 971 264 974 264
1083  267 1081  266 1093  265 1083  267
961 266 958 265 967 263 961 266 969 264 967 263
655 260 647 264
860 259 860 264
1017  266 999 264 1021  264 1017  266 1027  266 1021  264 1034  264 1027  266
1041  261 1036  263 1056  261 1041  261
226 260 228 262 221 257 226 260 215 254 221 257 206 251 215 254 197 251 206 251
825 258 824 260 827 257 825 258 836 259 827 257
1062  256 1065  260 1060  256 1062  256
442 260 444 259 439 261 442 260 434 257 439 261 433 255 434 257 429 252 433 255 425 250 429 252 423 248 425 250 421 246 423 248 418 245 421 246 410 248 418 245
456 256 460 259 452 254 456 256 451 255 452 254
759 257 761 259 754 257 759 257
341 253 358 257 335 251 341 253 334 249 335 251 332 247 334 249 327 248 332 247 291 246 327 248
389 259 373 257 397 257 389 259
559 257 547 257
859 256 851 257
530 254 530 256 529 252 530 254 530 251 529 252 530 249 530 251 528 247 530 249 519 247 528 247
536 254 542 256
588 252 588 254 587 249 588 252 586 247 587 249 583 245 586 247 582 246 583 245
800 255 802 254 798 252 800 255
1103  252 1107  252 1101  250 1103  252
652 248 660 251
960 248 965 251
392 248 395 250 386 248 392 248 381 248 386 248 372 244 381 248 358 241 372 244
1058  251 1059  250 1051  247 1058  251
869 248 874 249
979 247 974 249
915 247 921 248
510 245 517 247
711 245 717 247
196 244 199 246 183 243 196 244
605 244 607 246 602 243 605 244 596 243 602 243 592 245 596 243
700 244 703 246 696 246 700 244 690 245 696 246
754 244 755 246 753 242 754 244 746 241 753 242
1036  246 1029  246
1086  243 1090  246 1079  242 1086  243
492 246 496 245 482 245 492 246 478 243 482 245
507 244 500 244
775 241 776 243 774 242 775 241 771 240 774 242
803 244 804 243 802 245 803 244 798 240 802 245
816 238 820 243
284 240 285 242 283 241 284 240 281 239 283 241 277 239 281 239 268 235 277 239
716 240 710 242
869 235 867 242
874 235 877 242
989 236 991 242
172 239 178 241 171 237 172 239
435 236 453 241 427 236 435 236
457 241 464 241
475 241 468 241
852 239 859 241
352 238 356 240 347 236 352 238 337 234 347 236 330 236 337 234 320 235 330 236
900 237 904 240 897 237 900 237
247 239 248 238 243 237 247 239
686 235 692 238 685 236 686 235
727 236 732 237
812 237 814 237 811 238 812 237 809 236 811 238 810 233 809 236
833 238 837 237 832 239 833 238 828 235 832 239
974 237 969 237
233 237 237 236 216 235 233 237
799 236 787 236
841 234 839 236 845 234 841 234
964 233 967 236 956 231 964 233
1105  233 1108  236 1102  233 1105  233
916 234 922 235
1020  236 1018  235 1024  234 1020  236
317 232 318 234 310 229 317 232 307 227 310 229 298 224 307 227 291 222 298 224 263 221 291 222
411 234 405 234
499 233 494 233
867 233 862 233
880 230 874 233
444 229 449 232 440 229 444 229
581 231 588 232
602 231 595 232
911 228 912 232 909 224 911 228 906 224 909 224
893 229 893 231 891 227 893 229 885 226 891 227
646 232 643 230 650 230 646 232
1007  225 1012  230
761 226 766 229
777 229 768 229
933 226 937 229
420 224 435 228
566 225 568 227 563 223 566 225 553 220 563 223 549 221 553 220
636 223 642 227
259 224 251 225 261 222 259 224
820 223 820 225 816 221 820 223
1005  224 999 225
925 220 931 224 923 215 925 220
180 223 183 223 169 217 180 223
367 220 374 223
515 224 518 223 503 224 515 224 500 222 503 224
526 220 521 222 531 221 526 220
780 223 782 222 776 221 780 223
894 220 895 222 891 217 894 220 883 215 891 217
480 218 486 221 476 218 480 218
259 218 261 220 236 215 259 218 234 213 236 215 225 212 234 213 218 208 225 212 213 208 218 208
763 215 767 220
836 216 842 220
876 220 870 220
943 215 952 220
468 217 474 219 466 218 468 217
1013  219 1011  219 1015  216 1013  219
421 215 433 218 418 213 421 215 415 211 418 213 410 209 415 211 405 207 410 209 392 205 405 207 345 205 392 205
443 219 435 218 447 217 443 219 454 217 447 217
456 217 464 218
1101  216 1105  218 1097  217 1101  216
49 214  39 217
34 209  35 216
702 216 708 216 698 214 702 216
824 215 826 216 822 214 824 215 821 213 822 214 823 210 821 213
737 213 741 215 736 214 737 213
695 212 696 214 690 211 695 212
800 209 806 214 798 207 800 209 798 204 798 207
672 212 666 213
872 210 867 213
916 212 921 213
634 212 629 212
643 213 650 212 637 211 643 213
933 207 937 212 932 201 933 207
1026  211 1027  212 1025  210 1026  211 1030  206 1025  210
761 208 763 208 758 207 761 208 755 204 758 207 756 203 755 204
195 203 211 207
708 201 710 206
337 203 343 205 332 204 337 203 319 202 332 204 313 204 319 202 309 202 313 204 307 204 309 202 294 202 307 204
542 204 554 205
625 202 633 205
763 200 764 205
791 203 790 205 796 203 791 203
816 202 817 205 813 201 816 202
1091  204 1100  205
562 203 557 204
730 202 732 204 728 199 730 202 730 196 728 199
180 200 193 203
619 202 623 202 606 199 619 202 593 193 606 199
957 194 956 202
32 200  34 201  30 197  32 200  31 196  30 197
243 200 248 201 228 192 243 200
770 197 778 201
456 200 465 200 452 198 456 200
481 197 492 199 470 198 481 197
507 197 503 199 512 198 507 197
569 198 577 199
586 200 585 199 587 201 586 200 592 198 587 201
281 198 286 198 279 196 281 198
700 197 705 198
759 197 761 198 758 193 759 197
1046  196 1053  198
519 195 516 197 521 194 519 195 522 193 521 194 525 193 522 193 529 196 525 193
642 194 649 197 640 192 642 194 635 194 640 192
709 195 708 197 711 194 709 195 713 193 711 194 722 196 713 193
959 192 967 197
551 194 553 196 548 192 551 194 545 194 548 192
831 195 830 196 829 191 831 195
847 197 848 196 845 197 847 197 840 192 845 197
25 196  26 195  22 193  25 196
271 195 265 195
590 194 584 195
206 194 201 194
539 192 543 194 535 193 539 192
892 195 893 194 891 196 892 195 890 197 891 196 888 197 890 197 886 197 888 197 883 193 886 197 882 188 883 193
787 188 792 191
871 191 863 191
956 191 950 191
85 185  86 190
779 187 782 190 773 186 779 187
1062  188 1072  190 1058  190 1062  188 1057  189 1058  190
888 181 892 189
824 186 819 188
490 184 494 186 477 184 490 184
851 186 854 186 849 183 851 186 848 181 849 183 842 180 848 181
272 185 275 184 268 186 272 185 263 184 268 186 261 185 263 184 257 183 261 185 242 182 257 183
413 185 418 184 400 184 413 185 396 182 400 184
461 185 463 184 451 182 461 185 448 183 451 182 444 181 448 183 436 181 444 181
475 183 465 184
524 182 525 184 518 179 524 182 514 179 518 179
660 178 661 184
78 180  83 183
287 183 277 183
428 181 423 182
1043  180 1034  182
231 179 240 181
382 178 393 181 376 176 382 178 373 174 376 176 371 173 373 174 363 174 371 173 361 176 363 174
316 179 344 180 312 181 316 179 299 183 312 181 288 182 299 183
348 181 347 180 356 179 348 181
612 175 625 179
838 179 832 179
982 180 980 179 987 178 982 180
1051  175 1045  179 1054  175 1051  175
179 178 173 178
29 171  30 176
815 174 824 175
298 173 292 173
754 169 764 173 748 169 754 169
811 171 812 173 807 172 811 171 804 173 807 172 801 173 804 173 798 173 801 173 796 173 798 173 790 166 796 173
61 172  63 172  57 168  61 172
282 171 289 172 273 166 282 171 270 164 273 166 264 164 270 164
717 170 726 172 701 170 717 170
944 171 949 172
683 172 681 171 695 169 683 172 699 170 695 169
770 170 778 171
871 172 867 171 876 172 871 172 878 170 876 172
22 167  27 169  18 169  22 167  15 167  18 169
555 169 550 169
180 167 170 168
658 163 667 168
744 166 746 168 743 164 744 166 736 164 743 164
974 168 958 168
986 167 983 168 989 165 986 167 989 163 989 165
884 166 894 167
642 167 639 166 647 164 642 167
112 163 111 164 110 161 112 163 107 161 110 161
197 164 189 164
623 161 630 162
427 162 435 161 425 160 427 162
525 161 519 161 527 159 525 161 538 156 527 159
565 161 559 161
494 160 487 160
473 157 476 159 468 157 473 157
594 158 593 159 591 155 594 158
712 154 730 159
741 159 733 159
249 158 250 157 243 155 249 158
501 156 511 157
551 155 555 157 541 156 551 155
915 158 916 157 908 155 915 158
924 159 922 157 934 157 924 159
981 152 983 157 977 149 981 152
829 155 830 156 828 153 829 155 831 147 828 153
72 154  67 155
86 153  86 155  83 151  86 153  74 153  83 151
154 156 164 155 146 156 154 156 140 154 146 156
369 152 359 155 376 153 369 152
603 154 609 155
661 153 667 155
840 154 848 155
948 150 946 155
1044  152 1049  155
517 153 525 154
588 154 583 154
339 152 348 153 336 150 339 152
401 151 417 153 378 152 401 151
653 151 659 153
707 151 710 153 692 151 707 151
888 152 893 153
48 146  48 152  46 143  48 146
72 150  72 152  70 148  72 150  64 146  70 148  61 148  64 146  59 147  61 148
479 150 486 152 470 148 479 150 462 148 470 148 458 148 462 148 456 150 458 148
627 153 620 152 629 151 627 153
883 150 886 152 880 151 883 150
514 149 514 151 511 146 514 149 507 145 511 146
1068  152 1070  151 1062  149 1068  152
639 148 631 150 642 147 639 148 646 149 642 147
1034  143 1042  150
309 148 322 149
334 149 328 149
657 146 661 149
792 145 796 149 791 146 792 145 785 142 791 146
1108  149 1105  149 1113  148 1108  149 1118  147 1113  148 1126  144 1118  147 1130  142 1126  144 1134  137 1130  142
3 146   3 148   0 144   3 146
587 146 589 148 584 146 587 146
861 145 866 148
439 144 435 146 440 145 439 144
959 146 962 146 957 144 959 146
494 143 495 145 491 143 494 143
576 141 581 145
775 142 781 145
377 144 375 143 400 143 377 144 410 143 400 143 419 140 410 143
574 141 568 143
675 141 680 143 668 142 675 141
830 138 830 143
365 143 368 142 363 141 365 143 359 139 363 141 357 140 359 139 349 138 357 140 342 136 349 138 340 135 342 136 327 137 340 135
1027  137 1032  142
753 137 746 141
907 142 900 141 921 140 907 142
966 141 963 141 970 138 966 141
1104  130 1100  141
655 137 665 140
931 138 923 140
205 137 202 139 230 135 205 137 234 134 230 135 237 133 234 134 246 133 237 133 253 133 246 133 258 133 253 133 260 135 258 133 265 138 260 135 269 137 265 138
572 137 574 139 571 138 572 137 568 136 571 138 552 132 568 136 544 132 552 132
435 136 429 138 437 135 435 136 440 135 437 135 442 137 440 135
647 138 641 138
941 138 938 138 943 136 941 138
1058  134 1063  138
286 134 271 137 291 135 286 134
948 139 946 137 950 140 948 139 952 137 950 140
1022  135 1020  137 1025  135 1022  135
156 133 145 135 159 132 156 133 163 134 159 132
302 137 293 135 315 137 302 137 324 135 315 137
595 136 596 135 591 136 595 136 589 134 591 136
68 134  63 134  71 132  68 134
484 133 483 134 481 130 484 133 480 131 481 130
539 132 532 134
174 132 166 133
459 133 449 133
492 130 501 132 487 126 492 130
784 127 785 132
862 131 856 131
203 127 208 130 199 127 203 127
220 128 226 130
538 125 540 130 534 121 538 125
851 128 852 130 847 127 851 128
986 127 981 130
839 122 843 129
892 128 887 129
908 130 910 129 907 131 908 130 903 127 907 131
1121  113 1106  128 1125  111 1121  113
872 128 871 127 873 129 872 128 878 125 873 129
1134  121 1134  127
381 124 385 126 377 125 381 124 366 122 377 125
892 124 893 126 891 123 892 124 886 125 891 123
904 123 903 125 912 122 904 123
945 122 952 125 944 123 945 122
1008  123 1009  125 1007  121 1008  123 994 121 1007  121
441 123 436 124
54 125  52 123  56 126  54 125  63 122  56 126
395 124 393 123 409 122 395 124
490 124 489 123 495 121 490 124 496 122 495 121
719 124 718 123 725 124 719 124 726 125 725 124 735 123 726 125 740 120 735 123
975 121 967 123
357 122 352 122
510 119 523 122 500 119 510 119
828 124 825 122 835 121 828 124 837 122 835 121
874 117 878 122
427 118 411 121 440 118 427 118
712 122 716 121 711 123 712 122 705 123 711 123 703 121 705 123 696 120 703 121
821 119 823 121 816 119 821 119
983 119 977 121
250 121 249 120 255 119 250 121
684 122 694 120 677 120 684 122
763 121 764 120 758 121 763 121 755 119 758 121
776 117 769 120 779 118 776 117
789 118 784 120
808 120 801 120
836 115 839 120
922 120 916 120
986 117 992 120
527 114 531 119
748 118 742 119
909 115 913 119 910 114 909 115 908 112 910 114 903 113 908 112
1134  117 1134  119 1134  115 1134  117 1134  113 1134  115 1134  111 1134  113 1133  109 1134  111 1131  108 1133  109 1127  110 1131  108
766 113 767 118 762 108 766 113
796 118 791 118
280 117 274 117
783 115 781 117 784 114 783 115 785 113 784 114 788 113 785 113 790 116 788 113
1041  117 1036  117
675 114 677 116 670 116 675 114 668 115 670 116
976 113 983 116
12 111  14 113  13 106  12 111
148 110 141 113
528 110 527 111 529 109 528 110 529 107 529 109 526 103 529 107 524 103 526 103
739 108 745 111 736 109 739 108
902 106 902 111
887 108 888 110 885 106 887 108 882 106 885 106
639 109 662 109 622 107 639 109
29 108  24 108
304 108 303 107 306 108 304 108 309 104 306 108
329 104 331 107 330 102 329 104
166 104 161 105
16 101  14 104 15 97  16 101
60 97  61 104
26 98  28 103 24 97 26 98
320 103 311 103
3 101   5 102  1 98   3 101  0 97  1 98  2 93  0 97
179 103 177 102 184 101 179 103
307 100 309 102 304 100 307 100
332 101 339 102
872  99 879 102
920 100 925 102
1009   98 1010  102 1001   89 1009   98
1062  100 1068  102
400 101 381 101
917 103 918 101 914 102 917 103 913  98 914 102
933  97 934 101 931  97 933  97
295  98 302 100
378  99 369 100
414  99 403 100 442  92 414  99
469 101 465 100 477 101 469 101 488 100 477 101 496  97 488 100
843  96 844 100 840  94 843  96
885  98 884 100 888  99 885  98
325  93 328  99 322  92 325  93
735  97 743  99
1024   97 1025   99 1022   95 1024   97 1018   95 1022   95
334  96 332  98 339  96 334  96
803  96 805  98 800  97 803  96
272  92 275  97
456  95 458  97 453  93 456  95 445  93 453  93
867  98 870  97 865  98 867  98 864  96 865  98
42 93 49 96
283  96 278  96
348  96 341  96
354  94 350  96 360  94 354  94
504  94 502  96 507  94 504  94
824  97 829  96 812  95 824  97
22 92 22 95 17 87 22 92
132  96 133  95 129  94 132  96 127  92 129  94 128  89 127  92
210  95 204  95
912  95 907  95
195  95 199  94 194  96 195  95 189  96 194  96 173  90 189  96
724  94 732  94 722  92 724  94 703  86 722  92 693  85 703  86
23 82 36 93
963  92 974  93
145  90 138  92 150  92 145  90
236  93 238  92 234  93 236  93 230  89 234  93
245  92 259  92
266  94 261  92 270  92 266  94
667  86 666  92
771  91 776  92 766  87 771  91
130  88 136  91
223  91 219  91 225  89 223  91
875  88 878  91 871  88 875  88 867  85 871  88
884  89 880  91 885  88 884  89 890  88 885  88 896  91 890  88
62 89 54 90 64 87 62 89
234  87 238  90 231  87 234  87
879  86 879  89 877  85 879  86
996  89 990  89
109  86 115  88
122  84 128  87
984  79 988  87
515  85 516  86 517  83 515  85 522  81 517  83 526  79 522  81 531  78 526  79 542  80 531  78 568  80 542  80
38 84 40 85 38 81 38 84
105  83 107  85 94 81 105  83
1036   83 1044   85 1033   84 1036   83
661  85 665  84 644  80 661  85
679  81 673  84
855  77 865  84
900  78 912  84
607  84 610  83 600  80 607  84 598  78 600  80 591  78 598  78
689  81 691  83 681  80 689  81
493  81 494  80 471  77 493  81 451  70 471  77
572  81 570  80 588  79 572  81
1026   78 1026   80 1025   76 1026   78 1024   74 1025   76 1023   73 1024   74 1016   75 1023   73
89 77 91 79 84 77 89 77
624  78 618  78 627  76 624  78
636  76 641  78
1049   73 1047   78 1048   72 1049   73
263  74 269  77 261  71 263  74 240  57 261  71 230  47 240  57 221  41 230  47
896  78 897  77 889  74 896  78
973  75 979  77
634  76 629  76
999  72 998  76 997  68 999  72 995  68 997  68
133  73 138  75
1005   71 1014   75
579  72 576  74 586  72 579  72
623  69 627  74
1034   67 1036   74
848  71 849  73 846  69 848  71 845  67 846  69 844  65 845  67 837  66 844  65 827  66 837  66 820  64 827  66
280  71 278  72 280  68 280  71
884  73 885  72 879  70 884  73
905  70 911  72 902  67 905  70
165  68 166  71 166  67 165  68 163  62 166  67 153  56 163  62 150  52 153  56
920  71 914  71
964  62 970  71
507  68 509  70 505  69 507  68 492  65 505  69 491  66 492  65
607  67 609  70 600  64 607  67
1049   65 1048   70
237  69 241  69 230  66 237  69 223  59 230  66
459  64 471  69
865  65 876  69 859  65 865  65
932  67 933  69 930  65 932  67 923  64 930  65
301  66 309  68
379  64 394  67 376  62 379  64 373  60 376  62 354  59 373  60 346  61 354  59
563  64 570  65
898  63 900  65 887  63 898  63
812  61 817  64 806  58 812  61 788  54 806  58
1040   63 1047   64
552  59 561  63 547  60 552  59 543  58 547  60
1109   60 1110   62 1107   58 1109   60 1104   59 1107   58
442  55 447  61
932  47 962  61
1025   62 1026   61 1019   60 1025   62
972  61 969  60 981  59 972  61
1002   58 1007   60 990  57 1002   58
16 51 24 59
130  55 130  59 127  51 130  55
411  57 421  58
218  54 221  57 214  51 218  54 212  52 214  51 206  49 212  52
402  54 409  57 373  50 402  54 361  46 373  50
439  57 433  57
540  58 541  57 525  51 540  58 520  51 525  51
661  53 667  55
652  55 650  54 659  53 652  55
771  54 770  53 781  51 771  54
1019   47 1027   53
758  50 761  52 739  49 758  50
84 49 78 51
656  47 660  51
187  50 178  50
513  48 515  50 510  48 513  48
969  47 976  50
142  49 134  49
775  45 781  49
86 46 87 48 81 45 86 46
199  46 194  48 204  48 199  46
347  45 353  48
503  47 508  48
983  47 990  48
186  44 191  47
585  45 585  47 584  43 585  45 578  40 584  43 575  38 578  40 568  38 575  38 547  33 568  38
509  44 509  46 505  41 509  44
967  46 958  46
771  46 773  45 767  44 771  46 757  44 767  44
923  43 930  45
646  40 654  43
751  40 755  43 740  37 751  40
1037   42 1035   43 1036   40 1037   42 1030   39 1036   40 1029   40 1030   39 1027   41 1029   40 1025   41 1027   41 1017   33 1025   41
312  43 314  42 298  41 312  43
330  41 321  41
490  36 498  41
903  40 920  41
351  40 344  40
465  38 468  40 456  36 465  38 453  37 456  36 445  38 453  37 435  36 445  38 421  37 435  36 411  37 421  37 397  34 411  37
898  41 901  40 892  42 898  41 889  40 892  42 886  41 889  40 878  38 886  41 876  39 878  38
872  37 874  39 865  36 872  37
136  35 149  38
181  32 194  38 177  32 181  32
290  36 291  38 283  33 290  36 278  33 283  33
732  34 738  36
212  31 217  35
270  33 265  34
471  33 488  34
849  31 852  34 849  28 849  31
860  30 863  34 856  27 860  30 851  26 856  27
396  30 395  32 394  28 396  30 392  26 394  28 391  27 392  26 376  22 391  27 371  22 376  22
1034   27 1042   31
46 22 51 30
710  31 701  30 716  31 710  31 720  29 716  31
206  25 209  29 197  18 206  25 192  14 197  18 189  12 192  14 186  13 189  12
541  27 542  29 536  25 541  27 534  26 536  25
985  25 995  29 981  23 985  25 976  24 981  23
435  25 435  27 433  23 435  25 422  23 433  23
718  25 720  27 710  23 718  25
733  25 728  27 744  23 733  25 758  21 744  23 762  20 758  21 770  23 762  20
229  24 237  26
842  24 840  26 848  25 842  24
521  22 531  24 517  23 521  22
780  22 773  24 805  24 780  22 807  25 805  24 817  22 807  25 826  22 817  22
1027   22 1028   24 1026   20 1027   22 1023   18 1026   20 1017   18 1023   18
412  23 420  23 410  21 412  23
514  24 515  23 507  24 514  24 503  25 507  24 484  22 503  25 482  20 484  22 480  21 482  20 478  19 480  21 477  20 478  19 475  18 477  20 474  19 475  18 471  17 474  19 460  14 471  17 459  15 460  14
835  23 829  23
970  23 973  23 965  19 970  23
42 23 44 22 39 21 42 23
939  19 940  22 938  17 939  19 937  15 938  17 930  15 937  15
323  20 329  21
342  21 332  21
45 18 46 20 44 16 45 18 40 13 44 16 38 11 40 13 33  9 38 11 30 10 33  9
399  19 408  20 369  10 399  19
370  18 369  19 371  17 370  18 368  15 371  17
705  16 713  19
953  14 955  19 955  13 953  14 954  10 955  13
350  19 353  18 346  17 350  19
651  18 662  18 638  13 651  18
1011   14 1015   18 1005   12 1011   14
293  16 307  17
443  17 455  17 430  13 443  17 429  14 430  13
503  12 507  16
920  14 927  15
1046   12 1049   14 1043   10 1046   12 1039   12 1043   10 1037   11 1039   12
181  11 184  13 166   7 181  11 155   4 166   7 148   5 155   4
562  11 549  13 568  10 562  11 577  12 568  10 588  10 577  12 592   9 588  10 593   8 592   9 597   8 593   8 600   8 597   8 605  12 600   8
915  11 917  13 909  10 915  11
1064   10 1070   13
542  13 547  12 541  14 542  13 530  11 541  14 526   9 530  11 505   9 526   9
630  10 613  12
678  10 684  12
972  12 976  12 967  11 972  12 963   8 967  11
1075   10 1072   12 1078   12 1075   10
1059   11 1054   11
670   9 663  10
493   8 502   9 487   5 493   8
638   9 633   9
866   7 864   9 870   7 866   7
1032    7 1034    9 1029    7 1032    7
849   6 852   8 840   5 849   6
905   5 908   8 897   0 905   5 894   0 897   0
878   6 872   7
960   5 955   7
986   8 987   7 976   5 986   8 969   0 976   5
646   5 641   5
935   3 933   5 938   2 935   3 943   4 938   2
1070    0 1076    4 1066    0 1070    0
880   4 879   3 882   2 880   4 884   0 882   2 886   2 884   0
466   4 447   2 477   2 466   4
484   2 479   2
549   0 550   2 544   0 549   0
636   0 638   2 633   0 636   0
1010    3 1008    2 1012    2 1010    3 1012    0 1012    2
680   0 667   1
