1,1.9085248028338,1.9321458650102
1,1.59572076125957,11.5925833292357
2,3.39477986196367,4.99871658634154
2,3.2930041701266,7.3059896674904
3,1.84964244444508,3.2958211637877
3,1.80547531298921,4.1346811672401
4,1.37407988039269,4.78610734661995
4,1.24549676922577,6.53575381943071
5,2.18937286437117,3.47670304267002
5,1.7144459486439,9.09190962351232
6,1.59016202384188,2.33756226786081
6,1.22327970550512,10.4642670879841
7,3.8977200712815,2.39103325049022
7,3.75972429535201,6.0545891130843
8,1.60029207891872,3.88061744130912
8,1.03593433923889,13.7081119622145
9,0.705579137271405,1.5953386185274
9,0.661838300301936,3.86999728462562
10,4.83940325078708,0.476953517903366
10,3.52922054330815,8.71383007041161
11,4.27404663709066,1.36240207164606
11,4.23587709286167,1.93973042426863
12,4.37424932120124,4.84647598514302
12,4.10285887801595,12.1092498614389
13,2.79584674559481,3.61681902508905
13,2.44943813085575,9.87218806513408
14,3.04422885308214,2.80756647333741
14,2.93830710065351,5.69337703738195
15,3.79468648144011,3.77723466853569
15,3.31760317131886,7.52106024074321
16,4.78635056354223,4.84044514537493
16,4.09650996203764,7.0380718029421
17,3.73782318349583,0.259422002932932
17,3.02239005379309,7.15686007230826
18,3.35499923164099,4.46504180668355
18,2.88009504053267,8.22749427131034
19,2.83468223202095,4.44156837365491
19,1.18476070900707,11.3872342046152
20,0.740869791654509,4.96058364232415
20,0.629127360595824,6.23263892329688
21,4.84760005025285,1.91908991351781
21,4.80078369616867,2.69328939140338
22,4.80658392150636,4.25015363176933
22,4.23979799233227,12.2914313654372
23,2.14272079061892,4.71539609782287
23,2.10311676903607,5.05320723801077
24,1.07825956504479,4.92062557258296
24,0.911116743671962,11.1037105299324
25,3.06249088394089,1.9971420400061
25,2.72456317187084,11.7234620606075
26,4.00631381635294,3.68933002946288
26,3.00667667990967,12.5340899300415
27,1.08611149264188,2.08718955988652
27,0.0988378843853158,8.96360387281375
28,0.547459396157885,4.14808866840704
28,0.479892829990905,4.54379619710113
29,2.69537392802707,4.9474234292336
29,2.15316782331998,12.2690681922425
30,1.26749404088868,1.89499319951104
30,0.171960042671575,9.93410917266123
31,4.17734235679468,2.42697690131191
31,4.15455237346979,3.07435700503864
32,0.492518327573773,3.08380015550176
32,-0.201676939599614,7.90010804189056
33,2.93290165468928,1.36425720828928
33,2.91937317880086,1.92039757809694
34,2.31043105929731,2.322784747625
34,2.26918131094074,2.67526228721906
35,3.4430382756789,2.16218252098014
35,2.79859384286844,7.01260684862568
36,1.22674250539205,1.79616803370673
36,1.01775246551581,4.73718744327471
37,3.43553477462321,1.73474495402223
37,2.16879156768711,8.62095323488673
38,4.65264729292443,2.69019335923105
38,4.5240828166171,5.8437629199803
39,0.0438231978442483,3.57306353949518
39,-0.208300443258387,7.69457407960286
40,0.375291275148843,2.9626508249638
40,-0.0392553961626941,5.3957908328722
41,2.57098311405689,4.5078893557051
41,2.11921074633241,12.9009083446253
42,1.46678053790244,3.16716611051389
42,0.862461962082997,10.1091451112988
43,0.760311953318862,3.56333970755489
43,0.665193296825146,6.24615000828313
44,0.24950093429107,0.43551516873264
44,-0.172380194226772,10.0665591056257
45,1.02312492788231,1.12779035178678
45,0.680112102847577,5.28053423514647
46,2.61842691110297,4.60809251415819
46,1.63812553869275,13.7776434617513
47,1.18645383136804,1.00392989483822
47,0.647793977837304,7.24608743727508
48,3.43213708784671,1.13630745088007
48,-4.71339818667859,4.49392853462171
49,3.22300801097301,3.35583151392763
49,1.5438258024121,4.62718306043983
50,0.592712146746859,2.59282580334601
50,-6.31360228128248,6.34091032216047
51,2.17813869006197,1.20669990812632
51,-1.75734812012197,2.65960778846354
52,1.401158605846,2.19179886850275
52,-4.53098392423128,4.34210834963684
53,0.649529367509092,3.11318191756715
53,-8.50860539066975,7.00614401882226
54,2.72050435603644,3.31641736483331
54,1.59642090288205,4.19726439983092
55,1.6553631336389,3.26573746533791
55,-1.8520868568487,4.40783654882584
56,0.321489137070899,4.59841564700088
56,0.166248565277794,4.66361505370363
57,0.437775062968063,3.03577733474828
57,-3.95715943620857,5.73358177567035
58,2.04738779436434,0.284874365615112
58,-4.03794844141859,1.34638848567998
59,3.65819752125597,2.07640296743387
59,2.33626566533489,2.71988735728607
60,4.22307482776702,2.36507085016804
60,3.57887501818805,3.22474884815893
61,2.04121113985089,1.41462586322512
61,-5.81530179389272,6.88856944629062
62,3.49211913608953,1.35594230309919
62,-3.58311848179305,6.93396967553344
63,2.16248469538583,2.91595531564382
63,-3.28868535327899,8.79305842146137
64,1.08634625701167,2.67687300191741
64,0.203482622997428,2.73041962278762
65,3.59377127352544,1.79567118329949
65,3.35963227519697,1.88828625241014
66,2.05272080268082,2.74099804745476
66,-6.09508843728966,4.55675941177075
67,4.59005393560032,0.454614574393589
67,3.63500205086573,1.57670478764872
68,3.22427712239804,1.4338660717153
68,-5.1498878106422,5.37410460342783
69,1.91623524856448,2.45903760027169
69,-5.96025542306899,7.46872393160994
70,1.77752553763688,2.79955149698159
70,0.854860406410548,3.34354180407895
71,0.837130905221435,2.10642425784244
71,-6.97651641244649,6.10232773176389
72,2.88248255672631,2.55588118022071
72,-0.553628013449007,4.72463930080642
73,3.45655486451692,1.97961354055901
73,2.42417355567191,2.91258773287387
74,3.0379428281878,0.743569608997512
74,-3.7970364702182,4.83755889761156
75,4.73217705847039,4.42297953719684
75,3.59448299139065,5.11009178631888
76,3.78698370153969,1.77328654784656
76,-0.822114055973222,3.38273950694775
77,1.04138248395081,2.91162978457978
77,-4.58132858756963,8.00587667452702
78,3.0649951050631,2.94184910506798
78,-1.76946043638271,11.1972717776643
79,3.52419635309159,3.14851439750616
79,-4.94461740708851,7.28107764409244
80,4.26907883139663,3.02355077899526
80,1.76938489287971,5.05402411849591
81,2.4573689716346,3.54286831799856
81,-2.85344257469988,11.1043096551612
82,4.31188971956651,3.60717248695059
82,0.0631340385805377,8.21498872713365
83,3.41589611120056,2.06246480682889
83,-1.67084402032549,6.0229416188428
84,0.609864669139653,0.927946971511626
84,-3.44890542288251,5.49856952942279
85,4.69194968541374,0.119506949705019
85,4.22755638394613,0.23650311074017
86,0.0345471623629767,2.02921894758179
86,-5.58638795781602,5.79881488553187
87,0.812599238352846,4.32963258766857
87,-5.36101428317458,11.7587988776189
88,3.15711224400582,4.37431332689608
88,-5.28709814605374,8.12837689470656
89,1.02983217775091,4.03093181897029
89,-2.85447675360066,5.52718781777716
90,3.40819411386423,2.73194697916509
90,0.471567815640001,4.05202596119729
91,2.75176708657832,3.44855842726097
91,1.61874126755721,3.95541724678692
92,3.91469217798899,3.39481894114707
92,-2.17547641066881,7.7438389031748
93,1.35435152717614,4.06207234572296
93,-1.44033544848259,5.57221591912727
94,1.24734054814606,0.652991866497474
94,1.00910796983645,0.827483076329971
95,4.67735896959472,0.848580194710828
95,-1.74697965806692,4.30912809490768
96,0.749785308002732,3.50850877201837
96,-4.54311503337079,7.82142537603485
97,1.11600250623098,1.75758255390134
97,-3.43138854775669,4.1637706763318
98,2.84751832848948,3.14886511205823
98,-3.64525417460579,7.95783975393828
99,3.34399333417433,4.14892895921253
99,-3.73040956089158,9.63697440846732
100,1.42892415111177,1.28845816794062
100,-7.91950612609021,4.62002060572083
101,2.62141542205789,4.3341122415544
101,-0.447414152678096,6.9697109708427
102,1.10165655465062,4.75542392802904
102,-0.826676776578468,6.15245376030645
103,2.82805758901158,2.27758045994789
103,1.85702717018214,3.2438094039327
104,1.82395207671651,1.63097556872614
104,-1.31296136106568,4.61566520832936
105,2.45057948142655,0.788863263184225
105,-2.77756373121666,7.36643008276749
106,2.19677818235787,4.05048379146084
106,-3.12121827708172,8.34581902081269
107,4.67174545641547,4.03143811505512
107,2.52276302974638,6.17786541698848
108,4.7248487781833,3.4395347471281
108,1.41130668383805,5.13380661216341
109,4.24457940222072,1.11896212185226
109,3.00988723697491,2.40190967878342
110,0.507520553660394,1.66760573058627
110,-1.82911810452879,4.38989130428088
111,4.12515839238608,0.25109750186041
111,1.8441323326997,1.40787202603504
112,1.43787128274719,0.83070720849225
112,-1.895659426773,2.73929126390087
113,2.63653604373659,1.96116808721824
113,1.42126269950139,3.50163387906757
114,0.514881565775192,4.46581603703109
114,-3.11209618591717,7.08905292287199
115,2.25729923284124,3.31720717442352
115,1.4429972517927,3.4553879115928
116,1.50956493996922,1.64592840977671
116,0.0912857154952393,3.8407887974599
117,3.08026457680445,4.12310237491652
117,-1.13948349889728,6.25111579325473
118,1.79306310847449,1.21089407662635
118,-0.892660715211304,4.60428934196405
119,3.05630858191162,4.53684971776781
119,2.87897411917414,4.63865666081134
120,4.26580836942127,1.45739684412357
120,3.02801995909919,2.44706529987748
121,4.26938270719903,3.11598871523235
121,0.0883599355630729,8.24364662718118
122,2.73262000815674,4.03378819352321
122,-2.20284863923168,7.17402954897552
123,3.19429489383022,0.15993230408534
123,1.40762837009134,0.461656541225304
124,1.57974354167187,4.39658576482194
124,-1.36147909226422,6.28036057590505
125,0.389429523251139,4.9427175651797
125,-4.7917936628662,8.47662203150584
126,0.0585243295548982,3.24649664832097
126,-4.11451086194743,6.21198044771503
127,3.18632875957395,1.89334544338568
127,-3.67020576363578,6.77506284645036
128,2.40567226351167,3.65631330982161
128,1.57349785988763,4.25090442296815
129,0.231957846507533,4.59986942185373
129,-7.97021761472881,9.6147752469788
130,2.75248799708058,2.476856396822
130,1.37216084651965,3.15981293334117
131,1.71405653879796,0.903962509127406
131,-5.28856496194847,3.13537803302575
132,0.101048926232376,2.36706709972714
132,-6.65476469468376,9.63680851792354
133,3.22293095002195,0.357075529813238
133,-1.04306867054812,2.32397027036328
134,2.74800907294308,4.58151259079952
134,-1.61769705178329,6.15724102565206
135,2.07449822172229,2.55899639890867
135,-2.50464640540321,6.59511680548336
136,4.02344510994613,1.27284191464265
136,-4.42737581344054,5.82060567734448
137,0.792879125624148,2.02283584573044
137,-1.22385331768113,3.99331090019818
138,3.76089412971122,4.79582166141778
138,-2.65932652330334,11.5680194205059
139,2.43689302470383,3.28550021657726
139,-0.0525170995526625,3.84475742145172
140,2.10163646290813,3.84655729728606
140,-3.7930775854155,8.9879084740229
141,3.40618817121809,0.572728282421524
141,1.35825347044775,2.87404866300584
142,4.97167270878522,1.31996297693828
142,2.95589916383228,3.13419917573176
143,4.9153763028004,4.05625662184404
143,3.81560356096741,5.02598940502505
144,4.99069074528655,3.79342024038553
144,-2.63772999141297,9.9980358930689
145,2.59952507505679,2.11593386253978
145,2.1041429393293,2.50125051599617
146,3.32329399226157,3.44821827530171
146,-1.85955852416863,8.82690624874277
147,4.0524071715462,3.43810171739278
147,1.57324213867601,5.18159726696152
148,1.89945080196549,4.65516713851939
148,11.8592704269524,4.74148177664452
149,3.08929977883992,1.27467574824628
149,2.9544590708058,1.28549038114493
150,0.291442871334688,1.26209830014428
150,-4.58402925912936,3.09583908788196
151,2.7252479981511,1.63169370355381
151,1.21414237197095,1.69937582637776
152,4.86964916728162,4.68379603673204
152,3.05625982374526,5.05901959987161
153,0.591428226889869,1.30735832509614
153,-8.70346313347344,1.56837571079269
154,3.1727665055972,4.21136620368519
154,-4.58446124846114,5.35856876171971
155,0.737246850425107,3.25311206829967
155,-0.857901673254678,3.31238391328904
156,1.0717631059376,3.17268335821176
156,-8.17795734849988,4.65234942223295
157,0.172488583595855,1.49078398639981
157,-0.475847166605982,1.57594773943899
158,3.87050652328009,3.26613669149557
158,0.246182649498173,4.42526406127795
159,1.28833438837616,4.89610894293265
159,-5.63112641636976,5.00855988765223
160,3.92849708839922,3.50650440368111
160,3.66243526400508,3.5896265117295
161,3.04853596741114,1.76947237517714
161,-5.76923533952369,2.762777078001
162,0.147903418002506,3.70140129609036
162,-8.58867691196041,6.47288416785348
163,4.54863568355336,1.4755091266212
163,0.184829881770324,1.90546508461424
164,1.8700653254934,2.3507073137438
164,-0.255675055938699,3.18047666735924
165,2.06983465029931,3.79235665466033
165,-3.96885479262166,4.59254143193906
166,4.62286748049913,2.70357184267154
166,-4.51645331563802,4.15326063434855
167,4.8386096446793,0.753899926145605
167,4.29752334822071,0.841746646830195
168,0.987466877471985,1.0040461329377
168,-8.93345041823365,1.13563080607812
169,3.92691742267295,3.82160938883892
169,1.0518176354042,4.50913818402632
170,4.19135645288117,1.48609501687733
170,1.81726693442638,1.84396264091029
171,3.8586605040313,2.48668195283909
171,0.00826588193787714,2.73954074791315
172,1.93245349446037,3.15063896242678
172,-0.51040518984977,4.07282100727913
173,4.74156764790172,2.12118892993815
173,2.50625439792019,2.3497288918323
174,2.70186058838801,0.968053209670753
174,-0.977942842579677,1.07764695165201
175,2.73517219063082,0.341590614039423
175,1.00512092740186,0.554188957247906
176,1.48412940480737,0.543187957873585
176,-6.08773859720217,1.83464629097532
177,3.74556711636869,2.19215592254703
177,-2.08776078727537,2.39677503290025
178,0.591195994430223,1.94373875057971
178,3.74028560298476,1.97484604552502
179,4.9572552022111,3.20997450596094
179,-3.95537450888065,4.31270908601063
180,0.336698197530922,3.23682919411996
180,-4.01023843328188,3.32683541826773
181,3.79198365905161,3.11076248357754
181,3.08867040042806,3.1761283764289
182,2.1632028200292,0.151196528645391
182,-4.18280322984846,1.30327981917419
183,0.707527145184106,1.24397730962255
183,-7.33017613655291,3.62596686131455
184,0.250344261484567,3.56551133243588
184,-8.36400938422491,6.29793111512749
185,4.8291620238905,3.66739850458417
185,-1.31909188383208,4.47612086640588
186,1.14178878910052,4.44217918051373
186,-2.99737736548959,5.40627486715018
187,0.739992083335123,0.95786178178937
187,-8.7522694856922,2.9588222585472
188,2.9061479238721,3.86246016877333
188,-2.31865707574911,4.793861154011
189,2.16398981356939,3.09177753462424
189,-1.22975060589504,3.39762202648148
190,0.51519888691217,4.6924798686642
190,-5.21680800259397,6.16778056657303
191,0.0256832883702268,2.45945642113915
191,-8.88697055712199,2.52341979239119
192,1.97183798788947,1.77148645387319
192,-2.46253285954069,2.71990358306632
193,4.40498954574499,4.07120201810426
193,-2.51218697968662,4.66007071342738
194,3.43749074231343,4.88089657695523
194,2.35498297817661,5.14494998040623
195,3.69085931912094,1.89168282324982
195,1.4824326338131,2.23097316872853
196,3.60433513958661,0.105183136975327
196,-4.32917544322453,0.990893920137427
197,3.21935675282052,2.64623386629721
197,-1.14955093369399,3.25240845012719
198,3.38688274972933,0.484489604639975
198,1.70312264084979,0.685986980856938
199,3.65961648627648,4.57416395238382
199,-4.88317585743897,6.81189968855973
200,4.49317797886693,3.6178350782604
200,4.20638535491707,3.63740103402617
201,4.66883238669529,2.29007670355485
201,1.24230296659802,3.35444484678572
202,2.20539341803558,1.35443589852988
202,-6.12583319059577,3.65222093799008
203,1.7556295286314,4.15681443016584
203,-5.59532426272511,4.28722607570797
204,4.65433655355432,0.286961576615407
204,-1.83661303091655,1.23643537810239
205,4.76984330067952,2.7766490802547
205,-0.145888993715639,3.44634881738137
206,0.343200678336079,2.97394731032962
206,-0.640853516081616,3.00133408149053
207,1.7088181175231,1.53501397034782
207,-0.899413093545175,1.86556876659065
208,0.0688176666947754,1.82981511962131
208,-4.54396207451154,2.34224934336794
209,3.02541394189132,3.08587820058606
209,-2.30960173347888,5.75360109555198
210,0.730523212013461,4.08352541485793
210,-3.89060156051479,4.97417759854706
211,2.03109212129356,3.00429889947843
211,-2.06086869213501,3.61152645993275
212,0.3776389856053,0.271128854240488
212,-4.55457488912924,1.6885751553472
213,1.66218642341344,2.17153079979848
213,-0.570376180471815,3.11469828395844
214,3.75576694196105,3.36669474064902
214,-3.24190210987447,3.5412823551518
215,3.73368369821322,1.79606437646803
215,-1.68839273797152,2.55765487661701
216,1.57305907179399,0.865212476483576
216,-1.89994737760237,0.989255452932069
217,0.809241355509854,0.559684683461805
217,-7.55319331273456,3.42035490938818
218,0.211540832514847,2.87162411674976
218,-0.931234999366119,3.04838365636861
219,2.76896292315316,1.85763242159473
219,-5.74974150991123,3.61023415069037
220,3.35816643185103,1.78723118977323
220,-3.70677702850642,2.88607930913206
221,4.93776345104798,0.477011224556692
221,3.31009259606832,0.880391827630651
222,4.493435279841,4.92488834593395
222,-4.283655796681,5.87354293666488
223,0.442165604817601,3.82784029194252
223,-6.37965787636885,5.52903788951594
224,1.76300621950759,3.72639276591466
224,-4.92876650864816,3.93700984220529
225,4.25329389663449,4.33076470308258
225,-2.62621714813697,4.46811583967514
226,0.815473243258951,2.60808113315548
226,0.215507832566926,2.67177606628821
227,0.989441905760419,1.28085004993367
227,-4.69776938410171,3.79014170066225
228,4.68772866525144,4.41525718945848
228,-0.124136368993734,5.15006851005272
229,0.20377946344772,0.103891735406831
229,-1.25206098128008,0.214644733202018
230,3.24411713872816,0.300188975307712
230,-6.22213358550913,1.59988029478771
231,1.93358029072498,3.44640785947258
231,-7.43548476727475,5.56166221030837
232,0.346089273472988,0.104642119390929
232,-7.04807003756762,1.3653253942467
